"Gene","p_val","avg_log2FC","pct.1","pct.2","p_val_adj"
"Slc2a1",0,6.67257658659215,0.954,0.064,0
"Itm2a",0,6.682264726433,0.989,0.105,0
"Slco1c1",0,12.1366794690192,0.875,0.001,0
"Spock2",0,5.50867321410393,0.916,0.045,0
"Slco1a4",0,5.22074470332421,0.929,0.068,0
"Pglyrp1",0,5.58399951978274,0.83,0.04,0
"Wfdc1",0,3.87540316700713,0.832,0.08,0
"Ptn",0,2.68327002878322,0.83,0.089,0
"Lsr",0,4.07339298833011,0.802,0.068,0
"Foxq1",0,7.94773290501713,0.719,0.006,0
"Sgms1",0,3.77835969681931,0.893,0.199,0
"Slc22a8",0,9.52896039133016,0.665,0.003,0
"Prom1",0,5.98183068404628,0.69,0.031,0
"Ctsh",0,3.53442885409261,0.738,0.084,0
"Slc7a5",0,3.03378374011965,0.728,0.091,0
"Mt1",0,2.83113598805516,0.729,0.093,0
"Vwa1",0,3.17003158462908,0.942,0.309,0
"Pcp4l1",0,2.34695353299581,0.913,0.282,0
"Lef1",0,5.19057922237944,0.645,0.031,0
"Abcb1a",0,2.61559481293097,0.781,0.173,0
"Fn1",0,4.15418479486875,0.664,0.059,0
"Gsta4",0,5.25439111713469,0.638,0.033,0
"Gpcpd1",0,3.56039463067324,0.713,0.113,0
"Ocln",0,4.9604771481773,0.636,0.037,0
"Isyna1",0,3.21508994662541,0.699,0.106,0
"Ablim1",0,3.34342163905393,0.787,0.194,0
"Plpp3",0,-4.69805085024244,0.062,0.655,0
"Gpihbp1",0,-14.4382676290866,0.004,0.595,0
"Fabp4",0,-9.21991580706204,0.037,0.62,0
"Pltp",0,3.15419187001124,0.991,0.41,0
"Degs2",0,5.3206628364767,0.601,0.023,0
"Hspa1a",0,3.42199393784432,0.843,0.265,0
"Mpzl1",0,2.68100773474685,0.818,0.241,0
"Plvap",0,-7.67897112198873,0.034,0.604,0
"Igf1r",0,3.59753595163359,0.64,0.076,0
"Cd36",0,-9.92065125134874,0.01,0.569,0
"Glul",0,2.47182221332425,0.917,0.359,0
"Itih5",0,5.87345211519731,0.579,0.021,0
"Tspan7",0,-6.36551387439735,0.036,0.593,0
"Slc38a3",0,12.0329758095297,0.551,0,0
"Pllp",0,2.55351122926459,0.66,0.11,0
"Foxf2",0,7.48393406357534,0.554,0.004,0
"Slc6a6",0,2.55635934443688,0.895,0.347,0
"Abcg2",0,2.28025011044301,0.836,0.294,0
"Aqp1",0,-12.4628235225796,0.009,0.546,0
"Nebl",0,4.81665735259273,0.552,0.017,0
"Arl4a",0,2.61074132386392,0.774,0.239,0
"Gm694",0,3.68468011881081,0.582,0.049,0
"Slc7a1",0,4.91450584340477,0.575,0.042,0
"Slc39a10",0,3.95114223468043,0.605,0.076,0
"Tspan5",0,3.39716791654106,0.606,0.085,0
"Slc40a1",0,4.53128292330697,0.569,0.049,0
"Paqr5",0,4.56008503920708,0.547,0.031,0
"9430020K01Rik",0,3.84505416071067,0.692,0.176,0
"Mfsd2a",0,3.3563718598218,0.573,0.06,0
"Ccdc141",0,6.73702387263587,0.519,0.009,0
"Alas1",0,3.18862823698558,0.616,0.107,0
"Tdrp",0,3.26468911817135,0.591,0.103,0
"Abhd2",0,2.79004968991759,0.611,0.124,0
"Mal",0,2.28424102143318,0.591,0.108,0
"Tpd52",0,2.89423776013768,0.566,0.086,0
"S100a10",0,-3.11616425114048,0.234,0.711,0
"Sema3c",0,1.38372091711937,0.608,0.133,0
"Plat",0,1.87653365002359,0.61,0.15,0
"Fabp5",0,-11.4424774956833,0.006,0.463,0
"Sparcl1",0,1.52094593905347,0.877,0.428,0
"Plpp1",0,-3.49074122384219,0.165,0.609,0
"Gimap4",0,-4.47288702484597,0.046,0.488,0
"Gngt2",0,-3.43349325453058,0.151,0.593,0
"Ndrg1",0,1.81586704088107,0.753,0.313,0
"Arl2bp",0,1.71410593744633,0.696,0.264,0
"Elovl7",0,5.7537504769164,0.445,0.014,0
"Slc16a4",0,4.20815228150936,0.463,0.035,0
"Ifnar1",0,2.33826311763854,0.575,0.148,0
"St3gal6",0,1.74281470591997,0.748,0.322,0
"Gatm",0,1.60367821733998,0.583,0.159,0
"Prnp",0,2.10265656132383,0.588,0.165,0
"Slc1a1",0,5.26630398749269,0.436,0.016,0
"Mt2",0,3.4566161610522,0.452,0.034,0
"Maoa",0,2.37682769862689,0.572,0.154,0
"Slc43a3",0,-5.0824919462115,0.022,0.438,0
"Eogt",0,2.61478421185127,0.547,0.135,0
"Gpd2",0,3.0617015906228,0.488,0.077,0
"Slco2b1",0,3.54759928701487,0.474,0.065,0
"Utrn",0,2.33243816494931,0.627,0.221,0
"Nkd1",0,1.75058605084252,0.553,0.149,0
"Apold1",0,2.03557785583952,0.604,0.202,0
"Cd34",0,1.31786665099789,0.89,0.491,0
"Mgll",0,-3.15690775771516,0.195,0.59,0
"Fry",0,2.07204316791554,0.511,0.117,0
"Tnfrsf19",0,4.88911836567577,0.415,0.021,0
"Cd300lg",0,-5.62059516084493,0.03,0.423,0
"Il10rb",0,1.4313966882013,0.747,0.354,0
"Slc16a2",0,2.68751013168597,0.49,0.098,0
"Cgnl1",0,2.28388061807177,0.501,0.111,0
"Slc38a5",0,11.4613905525123,0.389,0,0
"Hmgcs2",0,8.11195569566612,0.388,0.004,0
"Lmo2",0,1.30634616719419,0.731,0.348,0
"Rgs12",0,2.19744364104466,0.488,0.111,0
"1810011O10Rik",0,-2.85091497922566,0.167,0.538,0
"Fxyd5",0,1.21076408502757,0.802,0.432,0
"Car4",0,1.34969492964184,0.698,0.329,0
"Fam63a",0,2.36297928491256,0.507,0.139,0
"Gkn3",0,5.96046750111873,0.38,0.012,0
"Aqp11",0,3.61612333651508,0.402,0.034,0
"Ldlrad3",0,3.20903298102739,0.413,0.046,0
"Esyt2",0,2.2111528839927,0.475,0.111,0
"Ucp2",0,1.86377349220053,0.602,0.24,0
"Zic3",0,11.6241516330162,0.362,0,0
"Igfbp4",0,-2.7086743495261,0.079,0.44,0
"Tfrc",0,11.1225244327616,0.361,0.001,0
"Efr3b",0,3.13999936339008,0.405,0.046,0
"Palmd",0,1.54932653506513,0.592,0.233,0
"Tsc22d1",0,2.35608882212808,0.987,0.628,0
"Parvb",0,1.21294466045884,0.605,0.248,0
"Osbpl1a",0,3.99236675909326,0.384,0.028,0
"Golim4",0,2.20550967001026,0.465,0.112,0
"Polk",0,3.77083285606744,0.389,0.036,0
"H2-Q7",0,-4.14737424606563,0.048,0.4,0
"Fam13c",0,2.49230922763979,0.416,0.068,0
"Pls3",0,1.4820188542097,0.656,0.316,0
"Nostrin",0,1.45123590607233,0.579,0.24,0
"Pde2a",0,1.58244229264057,0.593,0.254,0
"Slco2a1",0,-5.91562671504533,0.02,0.359,0
"Tmem123",0,1.46988172725772,0.597,0.258,0
"Ddc",0,12.1959921960547,0.338,0,0
"Cyp4b1",0,-10.1946354282518,0.003,0.338,0
"Nos3",0,1.62245519441589,0.507,0.172,0
"Sgpp2",0,5.79472106664511,0.343,0.009,0
"Fzd6",0,2.42054728570873,0.419,0.085,0
"Pdlim1",0,-5.85031302409694,0.017,0.351,0
"Atp10a",0,5.6318869076518,0.341,0.008,0
"St6galnac2",0,2.02659006888056,0.467,0.134,0
"Slc3a2",0,1.3276507975172,0.845,0.515,0
"Pdxk",0,4.99002468707143,0.343,0.014,0
"Tsc22d3",0,1.49723083217052,0.678,0.35,0
"Slc31a1",0,2.96215178238651,0.405,0.078,0
"Sqstm1",0,1.45422817762043,0.67,0.343,0
"Slc16a1",0,2.889636132954,0.432,0.107,0
"Csrp2",0,1.4101060089007,0.515,0.191,0
"Tmem176a",0,-3.3050376189297,0.108,0.431,0
"Afap1l2",0,2.82930700554239,0.372,0.051,0
"Col4a3bp",0,2.66583091456412,0.371,0.051,0
"Cldn5",0,2.54887580224284,0.977,0.657,0
"Flt1",0,1.77273227739926,0.954,0.636,0
"Mtus1",0,1.5533591220648,0.542,0.225,0
"Grap",0,1.31043814275442,0.627,0.31,0
"Hprt",0,1.15050803636973,0.67,0.354,0
"Nampt",0,2.42514419543337,0.446,0.13,0
"Alpl",0,2.6999984988849,0.386,0.071,0
"Sema7a",0,1.13253067221266,0.468,0.158,0
"Gpr4",0,1.80735458283712,0.445,0.136,0
"Nr4a1",0,2.37578595010709,0.411,0.102,0
"Cd9",0,-2.22127348094852,0.348,0.656,0
"Ppp1cb",0,1.11536007948262,0.614,0.306,0
"Meis2",0,-9.14023750097267,0.007,0.313,0
"Ptprg",0,1.29166785418148,0.508,0.202,0
"Slc19a3",0,6.94529385803403,0.309,0.004,0
"Agrn",0,2.30596935893363,0.384,0.08,0
"Tob1",0,1.50172738446658,0.455,0.152,0
"Abcc4",0,2.52227308977751,0.371,0.068,0
"Cystm1",0,2.428026753501,0.349,0.047,0
"Tgfb2",0,2.67415888996299,0.359,0.058,0
"Rad54b",0,6.54539969520796,0.305,0.004,0
"Hspa1b",0,1.88580884156063,0.377,0.076,0
"Far2",0,9.78558727800496,0.302,0.002,0
"Mir6236",0,4.77954663453248,0.306,0.007,0
"Hspb1",0,1.41682106871765,0.967,0.668,0
"S1pr1",0,1.29543284723757,0.713,0.415,0
"Bsg",0,4.37865345156331,0.999,0.703,0
"Gpr182",0,-7.46564143204451,0.01,0.306,0
"Ehd4",0,-2.90353372412666,0.235,0.53,0
"Ifnar2",0,1.11467479732413,0.595,0.3,0
"Slc39a8",0,2.28978820850668,0.379,0.085,0
"Tiam1",0,3.43277643372008,0.315,0.021,0
"Mkl2",0,1.44745640676148,0.466,0.173,0
"Bcl2l1",0,1.24524990692209,0.494,0.201,0
"Uaca",0,1.2803350338421,0.469,0.176,0
"Ctnnb1",0,1.49452766199986,0.774,0.483,0
"Notum",0,9.88774960254267,0.291,0,0
"Slc30a1",0,1.80561927745894,0.394,0.104,0
"Lars2",0,2.77417472621198,0.333,0.043,0
"Fam167b",0,-11.8572620807595,0.002,0.292,0
"Pik3ip1",0,1.82627595157794,0.408,0.119,0
"Grb14",0,3.46028170972246,0.331,0.043,0
"Cobll1",0,2.97821571114529,0.329,0.041,0
"Nes",0,1.41727240797717,0.434,0.146,0
"Osbpl9",0,1.34223334522767,0.536,0.248,0
"Ttyh2",0,2.96754770289113,0.343,0.055,0
"Ccl21a",0,-11.4285305759155,0.005,0.293,0
"Sik1",0,2.10358667893364,0.341,0.054,0
"Cp",0,1.95762250144948,0.341,0.056,0
"Rn45s",0,8.75168697902121,0.286,0.001,0
"Apod",0,5.09988728406725,0.292,0.008,0
"Sorbs1",0,4.51620541936467,0.299,0.015,0
"Eltd1",0,11.1866937467374,0.282,0,0
"Gbp3",0,2.01005121902571,0.407,0.125,0
"Gpr116",0,11.3941707681637,0.282,0,0
"eGFP",0,11.7099631462578,0.282,0,0
"Frmd4b",0,1.39503285151563,0.439,0.158,0
"Gstm7",0,4.60955738555391,0.3,0.019,0
"Nxpe4",0,1.87570166523763,0.396,0.116,0
"Marcksl1",0,-5.59726907167189,0.02,0.299,0
"Insr",0,3.05245695550775,0.364,0.087,0
"Pon2",0,1.18213802981209,0.566,0.289,0
"mt-Co1",0,-1.21827305053285,0.681,0.958,0
"Rnf144b",0,2.65222297784164,0.313,0.037,0
"Map4k2",0,1.39301085255828,0.403,0.127,0
"Cd320",0,2.37991473630675,0.356,0.08,0
"Gm13826",0,8.67265773276712,0.276,0.001,0
"Rpl14-ps1",0,8.63196765003963,0.278,0.003,0
"Extl3",0,2.87006638630069,0.326,0.051,0
"Marcks",0,-3.13520492470897,0.103,0.376,0
"Gch1",0,1.74155610657035,0.388,0.115,0
"Fam129b",0,1.42332814648846,0.425,0.153,0
"Arhgef2",0,1.18818583817964,0.472,0.201,0
"S100a6",0,-3.33294219917804,0.073,0.344,0
"Pcmtd1",0,1.1206198814199,0.517,0.247,0
"Slc52a3",0,2.64468854549701,0.33,0.06,0
"Rhobtb1",0,1.91496745895361,0.343,0.073,0
"Lrrc49",0,3.10214795766156,0.31,0.041,0
"Eps8l2",0,2.94714491718396,0.306,0.039,0
"Gm6548",0,9.55532677458018,0.268,0.001,0
"Tmem252",0,1.46594187598925,0.386,0.121,0
"Slc35f2",0,4.02044452887044,0.289,0.024,0
"Gtf2i",0,1.10548757288165,0.441,0.177,0
"Ak3",0,1.9480250081306,0.39,0.126,0
"C130074G19Rik",0,1.07952696335538,0.417,0.154,0
"St8sia4",0,2.26584833564669,0.343,0.083,0
"Edn3",0,10.806066925766,0.26,0,0
"Ptprr",0,1.4825490500629,0.404,0.144,0
"Mfsd7c",0,4.84840345193431,0.272,0.012,0
"Rasgrp3",0,1.25338494753599,0.525,0.265,0
"Fut8",0,2.65208980496639,0.32,0.061,0
"Edn1",0,1.37567471807963,0.432,0.174,0
"Slc29a1",0,-2.37210965238622,0.123,0.381,0
"Reck",0,4.52439585253646,0.271,0.014,0
"Pop5",0,1.03662123908007,0.48,0.224,0
"Hpgd",0,-8.20779113977313,0.009,0.265,0
"B4galt4",0,1.33135201717147,0.459,0.204,0
"Car2",0,1.94960248335854,0.344,0.09,0
"Clu",0,-2.0070132632926,0.15,0.403,0
"Hbegf",0,1.82765288083272,0.347,0.094,0
"Sgms2",0,5.75289549790318,0.257,0.006,0
"Nr1d1",0,2.94574472164564,0.292,0.042,0
"Tpd52l1",0,3.80375815086338,0.271,0.023,0
"Dusp1",0,1.20295745022503,0.896,0.648,0
"Hspb8",0,4.00754461576619,0.266,0.019,0
"Myct1",0,-1.99378660552893,0.256,0.503,0
"Usp53",0,3.38099167483014,0.274,0.028,0
"Pir",0,2.35343125445026,0.313,0.068,0
"Lrrn3",0,7.04084083023848,0.248,0.004,0
"Mtmr6",0,1.95786294543729,0.348,0.104,0
"Tmem184b",0,1.05261096015041,0.447,0.203,0
"Capg",0,1.73197509934197,0.338,0.095,0
"Sorbs3",0,1.38209911202799,0.387,0.144,0
"Paqr7",0,2.33595942052562,0.305,0.062,0
"Map4",0,1.18733852278497,0.453,0.212,0
"Aspscr1",0,1.6355252440113,0.347,0.106,0
"Bhlhe40",0,1.32538286297444,0.402,0.162,0
"Layn",0,2.89452106695122,0.278,0.039,0
"Sh3bp4",0,1.91317979813664,0.314,0.075,0
"Rasd1",0,2.8997727580668,0.279,0.041,0
"Pnpla6",0,2.45887125428623,0.284,0.046,0
"Hmcn1",0,1.20369324375564,0.396,0.16,0
"Synm",0,1.77008476818033,0.326,0.09,0
"Dock9",0,1.23413088406057,0.404,0.168,0
"Rnasek",0,5.3728832983789,0.242,0.006,0
"Stom",0,1.46973271696671,0.377,0.142,0
"Lnx2",0,1.83572972889792,0.3,0.065,0
"Ufd1l",0,2.00270078390537,0.362,0.127,0
"Faim",0,1.62412861171426,0.342,0.108,0
"Net1",0,2.78742129308632,0.278,0.044,0
"Hrct1",0,1.84016152999873,0.311,0.077,0
"Per1",0,1.80732377525545,0.271,0.039,0
"Rab1",0,9.36190238364464,0.229,0,0
"Rpl12",0,-1.37985060439657,0.375,0.603,0
"Maf",0,-8.06888321200988,0.012,0.239,0
"Slc52a2",0,3.44912833990153,0.247,0.021,0
"Rpl28",0,-1.09628456158432,0.608,0.833,0
"Esyt1",0,1.72218991047097,0.313,0.089,0
"Cdc42se1",0,1.42657996571011,0.34,0.117,0
"Ctsc",0,3.02854617436892,0.254,0.032,0
"Rps12",0,-1.23208759536916,0.591,0.812,0
"Smox",0,1.81930436658873,0.31,0.089,0
"Thsd1",0,1.34678672001704,0.368,0.147,0
"Srgap2",0,1.18689487358309,0.338,0.118,0
"Car8",0,-8.41792290743683,0.004,0.224,0
"Bst2",0,-1.76757459733797,0.522,0.741,0
"Stk38",0,1.42193081353967,0.322,0.104,0
"Ecscr",0,-1.61681618047911,0.43,0.648,0
"Foxc1",0,3.10448417234125,0.24,0.022,0
"Nomo1",0,2.16900746806314,0.277,0.06,0
"Stard3nl",0,1.27102006742279,0.38,0.163,0
"Clip1",0,1.39960640576449,0.335,0.12,0
"Cd97",0,9.8693573931157,0.214,0,0
"Ggact",0,4.35909599099794,0.222,0.008,0
"Rps17",0,-1.0562046783222,0.667,0.881,0
"Gcnt2",0,1.74197214326359,0.303,0.09,0
"AI467606",0,2.43928282840088,0.258,0.046,0
"Htra1",0,1.2563564746624,0.311,0.099,0
"Snupn",0,3.85793079651886,0.24,0.029,0
"Rps23",0,-1.00152786920901,0.727,0.937,0
"Mir126a",0,9.59908786041424,0.21,0,0
"Tbx1",0,2.43515922671674,0.24,0.03,0
"Gm42418",0,-1.36688698384233,0.552,0.762,0
"Gas5",0,5.05028672276046,0.214,0.006,0
"Mir703",0,4.64422753620443,0.213,0.005,0
"Lphn2",0,10.9799330985746,0.206,0,0
"Acox1",0,1.86110542529001,0.286,0.08,0
"Msrb2",0,2.35043053913196,0.261,0.056,0
"Lipa",0,1.40311483001319,0.336,0.132,0
"Proser2",0,1.66250705367854,0.28,0.077,0
"Rab11fip1",0,8.2929614727713,0.204,0.001,0
"Xist",0,8.44634809735157,0.203,0.001,0
"Ndnf",0,6.62307061034313,0.205,0.003,0
"Nhsl1",0,3.34650435054491,0.217,0.016,0
"Scamp1",0,1.60702454521267,0.304,0.103,0
"Akr1c14",0,2.82093490078535,0.241,0.041,0
"Slc46a3",0,2.92977119074829,0.231,0.032,0
"Tenc1",0,8.05968093806417,0.199,0,0
"Cpt1a",0,2.35079332472257,0.269,0.07,0
"Stra6",0,10.6502550614177,0.198,0,0
"Atp8a1",0,1.51629852704943,0.284,0.086,0
"Pisd-ps1",0,8.20967001093099,0.197,0,0
"Tmem98",0,2.09249600863847,0.246,0.053,0
"Sfxn3",0,1.35616342576047,0.305,0.112,0
"Aif1l",0,4.55051210908212,0.202,0.01,0
"Lrp8",0,11.0186859292412,0.192,0,0
"Cdk19",0,2.07125442669098,0.255,0.063,0
"Apcdd1",0,8.90107760965279,0.192,0.001,0
"AY036118",0,-1.4546202382012,0.521,0.712,0
"Ralgapa1",0,1.46135402923956,0.281,0.091,0
"Shroom1",0,11.9840312051741,0.19,0,0
"Cd83",0,7.01092507553217,0.191,0.001,0
"1110034G24Rik",0,1.84846851327725,0.273,0.084,0
"5430416O09Rik",0,2.20683532465668,0.227,0.038,0
"2310022B05Rik",0,1.73837650249317,0.261,0.072,0
"Tmem66",0,9.0245448892854,0.189,0,0
"Gbe1",0,2.21817726046605,0.239,0.05,0
"Prr5l",0,2.89715337422989,0.218,0.03,0
"Rpl17",0,-1.03108361585445,0.697,0.884,0
"Dbp",0,1.32912250858107,0.262,0.075,0
"Rpl10",0,-1.18906887601153,0.688,0.874,0
"Plekhg5",0,1.30018464666832,0.265,0.079,0
"Tcf7",0,4.19013497701322,0.198,0.012,0
"Tmtc2",0,1.99004405357258,0.238,0.053,0
"Myo1d",0,2.44630157355532,0.226,0.041,0
"Def6",0,2.52816295375464,0.221,0.036,0
"Jag2",0,1.9814915937878,0.215,0.032,0
"Gm12060",0,8.37039414951539,0.182,0,0
"Ncoa4",0,2.34539806185717,0.194,0.013,0
"Mfhas1",0,1.43622603062656,0.262,0.082,0
"B3gnt2",0,5.7237572869147,0.184,0.004,0
"Nt5c2",0,2.63599258130453,0.214,0.034,0
"2700089E24Rik",0,9.57979697421752,0.179,0,0
"Sos1",0,2.44376764505941,0.215,0.036,0
"Anks1",0,1.34021839850633,0.254,0.077,0
"Vps28",0,8.79093650311376,0.176,0,0
"BC002163.2",0,8.54653456400057,0.176,0,0
"Tgfa",0,4.50826706776237,0.184,0.009,0
"Sesn1",0,1.97131260816649,0.237,0.062,0
"Gpr56",0,8.74058158152967,0.173,0,0
"Car5a",0,9.86567035625497,0.172,0,0
"Rnaset2b.1",0,8.02623640921386,0.172,0,0
"Gm6402",0,7.37558603648758,0.172,0,0
"Rps28",0,-1.31964849080696,0.751,0.921,0
"Tbc1d14",0,2.96642108840008,0.199,0.029,0
"Atp6v0e2",0,2.28334997066176,0.208,0.039,0
"Rora",0,1.74302001094484,0.236,0.067,0
"Axin2",0,2.96543281931499,0.183,0.015,0
"Nanos1",0,5.24118173142627,0.17,0.004,0
"Ick",0,1.57168110219975,0.221,0.056,0
"A4galt",0,1.71086953885778,0.233,0.069,0
"Cpe",0,1.92860708575644,0.218,0.055,0
"Mir3064",0,4.44500438145498,0.169,0.006,0
"Tmeff1",0,3.48971617771936,0.18,0.017,0
"Rictor",0,2.54251920607857,0.201,0.039,0
"Vps25",0,2.14957556256017,0.212,0.05,0
"Synpo2",0,4.32944071538102,0.166,0.005,0
"Enpp2",0,3.22689043440115,0.193,0.032,0
"Egfl8",0,2.73749611197648,0.191,0.031,0
"0610031J06Rik",0,9.17651761477898,0.159,0,0
"Cx3cl1",0,1.62908151585488,0.226,0.067,0
"Dock4",0,4.7179447470274,0.164,0.005,0
"Pomc",0,4.42932808383634,0.165,0.007,0
"Rcan2",0,2.24653725512413,0.194,0.036,0
"Zak",0,1.92869638291603,0.202,0.046,0
"Slc25a1",0,2.25307453972053,0.201,0.046,0
"Klf12",0,10.2661980112415,0.156,0.001,0
"4430402I18Rik",0,3.42843309977878,0.17,0.019,0
"0610039K10Rik",0,3.38242819104689,0.153,0.004,0
"Efcab4a",0,9.58600216752667,0.149,0,0
"Rpl36a",0,-1.10532393632371,0.652,0.8,0
"Pgm5",0,1.70634286372236,0.192,0.044,0
"Cdkn2b",0,2.80811894950208,0.176,0.028,0
"Cog5",0,2.08036673658092,0.161,0.013,0
"Cthrc1",0,1.80160301005793,0.197,0.05,0
"Rps15a-ps4",0,7.87100834551723,0.147,0,0
"Gpr155",0,4.14308594323257,0.156,0.01,0
"Slc16a9",0,2.2764556780917,0.172,0.026,0
"Pisd-ps2",0,8.10299962548,0.146,0,0
"Zic2",0,10.8627743851337,0.145,0,0
"Fam118a",0,2.84825098014236,0.168,0.024,0
"Usp54",0,3.65205839103265,0.154,0.012,0
"Gm15421",0,8.59942322301428,0.14,0,0
"Syne1.1",0,9.25239881399587,0.139,0,0
"Mir6906",0,8.01766212245502,0.139,0,0
"Cct6a",0,5.20570230684339,0.144,0.005,0
"Nr1d2",0,1.91379104148122,0.181,0.043,0
"Gm20748",0,9.5683327454234,0.138,0,0
"Rps4l",0,6.19754631180804,0.138,0.001,0
"Inpp5f",0,2.48121474136614,0.164,0.027,0
"Specc1l",0,1.8737403349025,0.181,0.045,0
"2810025M15Rik",0,6.23350982741138,0.137,0.002,0
"Il6ra",0,3.34510960949566,0.15,0.015,0
"Nr3c2",0,2.77083704025447,0.146,0.011,0
"Tug1",0,6.64595017058294,0.137,0.003,0
"St6gal1",0,1.95416891714985,0.164,0.03,0
"Cpne1",0,6.29037762393292,0.136,0.003,0
"Mob3b",0,5.17548850456223,0.137,0.004,0
"Syne1.2",0,9.64832942484841,0.133,0,0
"Sfi1",0,1.31938075984397,0.155,0.022,0
"Clec16a",0,2.5890079968677,0.146,0.013,0
"D17Wsu104e",0,9.16277764977598,0.132,0,0
"Kcp",0,7.16055561148137,0.132,0.001,0
"Serinc5",0,2.16350306432312,0.161,0.03,0
"Oas1a",0,1.85359831726821,0.156,0.026,0
"Nrp1",0,-1.54274206078482,0.507,0.637,0
"Pcca",0,2.29330583315271,0.164,0.034,0
"Chn2",0,1.88114281734577,0.167,0.038,0
"Zdhhc9",0,2.75144964744436,0.155,0.026,0
"Arhgap26",0,1.38959960313268,0.165,0.036,0
"Acsl3",0,2.4088931246577,0.16,0.032,0
"Zfand2a",0,2.21612806882552,0.161,0.033,0
"1110007C09Rik",0,8.84922392792311,0.128,0,0
"Plekhh2",0,5.0089307918881,0.132,0.005,0
"Tmem134",0,4.73132872386143,0.129,0.004,0
"Slc25a33",0,3.71969384968395,0.137,0.013,0
"Nr4a2",0,2.21313566807483,0.155,0.031,0
"Ppap2a",0,11.0222479113095,0.123,0,0
"H2-K2",0,6.67946115004768,0.124,0.001,0
"Serp2",0,3.16542565871167,0.134,0.012,0
"Ifitm2",0,-2.24797795776403,0.811,0.933,0
"AI593442",0,3.73992149476589,0.123,0.001,0
"Exoc2",0,2.10783332834222,0.156,0.034,0
"Zfp366",0,12.2900319380104,0.121,0,0
"Zap70",0,5.42627801901851,0.123,0.003,0
"Snord35b",0,10.5294845826224,0.119,0,0
"Gnaz",0,3.00763564750478,0.121,0.002,0
"Sdr39u1",0,1.85450675719311,0.144,0.025,0
"C920025E04Rik",0,10.3901577920363,0.119,0,0
"Glt25d1",0,9.09422134121105,0.118,0,0
"Dynlt1b",0,4.71955372404437,0.12,0.002,0
"AI462493",0,10.6100471096964,0.117,0,0
"Pla2g4a",0,3.93570998338224,0.125,0.008,0
"Crkl",0,7.72913229461828,0.119,0.002,0
"Abcc6",0,11.5464917789923,0.115,0,0
"Tmem223",0,8.93841818044453,0.115,0,0
"Asb4",0,5.90023199412348,0.116,0.002,0
"Cxx1c",0,8.73997237399307,0.114,0,0
"H2-Q2",0,8.59339632384372,0.114,0,0
"Cebpd",0,3.8400979621112,0.118,0.005,0
"AY074887",0,3.84065350021929,0.115,0.003,0
"Mecom.2",0,11.0454596065199,0.111,0,0
"Snhg8",0,5.0615150326659,0.114,0.003,0
"Gpr124",0,8.64986616602598,0.111,0,0
"Ly75",0,12.3149021084946,0.11,0,0
"Gm16897",0,5.1984518531293,0.112,0.003,0
"Mir7090",0,6.96858155129033,0.109,0,0
"H2-Q10",0,2.50588612531025,0.111,0.002,0
"Steap3",0,3.38564092688235,0.123,0.015,0
"Eps8",0,2.45247471719597,0.129,0.021,0
"Aldoart1",0,6.27569267581844,0.109,0.002,0
"Hsd3b7",0,5.96010707395157,0.11,0.003,0
"Gm3258",0,8.35785948236792,0.107,0,0
"Aaed1",0,2.29365985715258,0.123,0.016,0
"Txnl4b",0,1.78753173099318,0.115,0.01,0
"1110008L16Rik",0,3.07835823355808,0.118,0.014,0
"Gm9946",0,9.64046031731336,0.104,0,0
"Cachd1",0,2.67415350415655,0.114,0.011,0
"Phc1",0,2.03112279686364,0.123,0.02,0
"Snx22",0,2.32406860584742,0.109,0.006,0
"Ptges",0,5.27307371068146,0.107,0.005,0
"Gper1",0,4.88313609683904,0.105,0.003,0
"4632428N05Rik",0,5.33746381749786,0.102,0,0
"Zfml",0,7.8352579318614,0.101,0,0
"1810026B05Rik",0,8.29249911634688,0.101,0,0
"Gpr160",0,5.62795199410393,0.103,0.002,0
"Maob",0,3.97658945956834,0.111,0.011,0
"1810009A15Rik",0,3.67965541539191,0.102,0.002,0
"2900097C17Rik",0,9.28812178347719,0.099,0,0
"Dixdc1",0,7.06162497159258,0.1,0.001,0
"4933426M11Rik",0,8.60153405554304,0.099,0,0
"Pmaip1",0,3.58580402980928,0.112,0.013,0
"Ccdc109b",0,2.78167483987129,0.116,0.018,0
"Peg13",0,4.92703120699874,0.101,0.003,0
"Igsf5",0,8.90872443131891,0.098,0,0
"Bche",0,2.91374569295486,0.112,0.015,0
"Fam13a",0,3.85114894281375,0.105,0.008,0
"Tmc7",0,10.0804668556592,0.097,0,0
"Prkar2b",0,3.71826873117862,0.102,0.006,0
"Znrf3",0,2.4155147764496,0.111,0.016,0
"2610206C17Rik",0,5.5056480299857,0.095,0.001,0
"Mrpl53",0,4.85555233321536,0.095,0.002,0
"Dnmbp",0,6.77301142017742,0.094,0.001,0
"Neurl2",0,2.02739789590505,0.106,0.014,0
"Ptplad1",0,9.19413752344857,0.092,0,0
"Tmem179b",0,8.85196094817753,0.092,0,0
"Ciart",0,2.53673436636156,0.104,0.013,0
"Amot",0,2.78641148323082,0.105,0.014,0
"D830031N03Rik",0,10.8967298417429,0.09,0,0
"H2-Q1",0,7.43444291323624,0.09,0,0
"Ppapdc2",0,9.59045609264142,0.09,0,0
"Epb4.1l2",0,5.78087406033722,0.088,0.001,0
"Htra3",0,3.88812163365971,0.091,0.005,0
"Firre",0,7.6521096607876,0.087,0.001,0
"Epb4.1",0,8.21035129097602,0.085,0,0
"Grb7",0,11.7393636051031,0.085,0,0
"Zic5",0,11.7433892799863,0.085,0,0
"Sdpr",0,-1.45417843499046,0.675,0.76,0
"Adamtsl2",0,2.84919897000607,0.094,0.01,0
"Mboat1",0,4.09938221610086,0.088,0.004,0
"Chmp1b",0,8.40004147785466,0.083,0,0
"Baiap2l1",0,8.61508101097396,0.082,0,0
"Gm1821.2",0,6.60220012279959,0.082,0,0
"Snhg3",0,6.14009729767151,0.083,0.002,0
"Mir1966",0,4.84125361467354,0.082,0.001,0
"Pdf",0,6.4214081068867,0.084,0.003,0
"Thg1l",0,5.96081294794633,0.081,0.001,0
"Alg10b",0,7.7788975845984,0.081,0.001,0
"Ccdc23",0,8.94989330319875,0.079,0,0
"Nup98",0,2.46613005724397,0.088,0.009,0
"2810008D09Rik",0,9.78639099642106,0.079,0,0
"Vil1",0,10.7268839606109,0.078,0,0
"Taf9",0,9.00092732230511,0.078,0,0
"Rasgrp4",0,2.69108645327866,0.086,0.008,0
"C920021L13Rik",0,2.5554974426178,0.083,0.006,0
"Trcg1",0,5.99065022291963,0.077,0,0
"Hcn2",0,4.52456919546077,0.079,0.002,0
"Lypd1",0,7.80776939826536,0.077,0.001,0
"Ptger1",0,3.06741140695398,0.079,0.003,0
"Ccdc55",0,11.8076514718611,0.076,0,0
"Cspg4",0,2.67784120716057,0.079,0.004,0
"Frmd5",0,9.07317643481213,0.074,0,0
"Atn1",0,4.13685522144536,0.077,0.003,0
"Zfp445",0,7.39448005976023,0.075,0.001,0
"Atp6v0c",0,1.65304865979342,0.08,0.006,0
"1110038B12Rik",0,6.80096357533085,0.075,0.001,0
"Rbm45",0,1.44232810121691,0.079,0.006,0
"Ubl4",0,9.73958154115717,0.073,0,0
"Ism1",0,4.44563678655083,0.075,0.003,0
"Clcn4-2",0,8.36930600547436,0.072,0,0
"1700018A04Rik",0,7.98487694531806,0.072,0,0
"BC048507",0,8.08124603464639,0.072,0,0
"Cldn25",0,7.84555668994222,0.071,0,0
"Fert2",0,9.27874962663917,0.071,0,0
"2410017I17Rik",0,6.77390694945308,0.071,0,0
"1500012F01Rik",0,7.55032975090299,0.07,0,0
"E130201H02Rik",0,6.70316852975851,0.07,0,0
"Foxl2",0,10.4738415400725,0.07,0,0
"Sp8",0,5.90227072325058,0.07,0,0
"Ildr2",0,8.07292696436246,0.071,0.001,0
"Galnt2",0,4.83433585612423,0.073,0.003,0
"2410006H16Rik",0,3.98903418830688,0.073,0.003,0
"Dcdc2b",0,4.22160625477701,0.07,0.001,0
"A730098P11Rik",0,7.39364397491407,0.069,0,0
"Stxbp3a",0,8.37420560571945,0.068,0,0
"Mir150",0,7.21304139238621,0.068,0,0
"Agpat6",0,9.52759808011037,0.068,0,0
"Ppapdc1b",0,10.0896546536005,0.068,0,0
"Prps1l3",0,6.81837464030532,0.069,0.001,0
"I830012O16Rik",0,11.3775855060383,0.068,0,0
"Gm3230",0,7.58737039220641,0.067,0,0
"Ccdc104",0,9.25937447932014,0.067,0,0
"Fam134b",0,4.51920112375024,0.069,0.003,0
"Hoxc8",0,5.76996648322893,0.066,0,0
"Slc25a42",0,3.75939076231969,0.071,0.005,0
"Mir1981",0,6.16028014133574,0.065,0,0
"C530008M17Rik",0,12.1980118582551,0.065,0,0
"Fam115a",0,8.51989061927176,0.065,0,0
"Mmp28",0,3.812398495587,0.067,0.002,0
"Tomm6os",0,2.04370919000256,0.069,0.004,0
"Glcci1",0,3.84188391263662,0.068,0.004,0
"Gm684",0,3.09025683574507,0.067,0.003,0
"Mterfd1",0,9.50707798875449,0.064,0,0
"Dleu2",0,4.42740317972234,0.066,0.003,0
"Csl",0,7.26614296135646,0.062,0,0
"Sox9",0,7.02164630447027,0.063,0.001,0
"Gm8909",0,6.17157407073539,0.062,0,0
"4930455H04Rik",0,7.29036581403317,0.061,0,0
"Atp10d",0,6.82684252558427,0.062,0.001,0
"Gltscr1",0,8.75092911413962,0.061,0,0
"Scamp4",0,8.28912949557977,0.061,0,0
"Wapal",0,8.44023509267218,0.061,0,0
"1110058L19Rik",0,10.1503364127292,0.06,0,0
"Akna",0,3.87334075861143,0.064,0.004,0
"2310067B10Rik",0,7.83345366488929,0.06,0,0
"Marveld2",0,9.39948722152966,0.06,0,0
"B230206H07Rik",0,6.5682250938935,0.06,0.001,0
"Lincpint",0,9.43793673476928,0.058,0,0
"Gm5801.2",0,7.85492572065406,0.058,0,0
"Ccdc142",0,6.31941905078459,0.057,0,0
"4930503E24Rik",0,7.23369156708383,0.057,0,0
"B3gnt1",0,8.89534371471187,0.057,0,0
"Ptpmt1",0,4.6779500608385,0.057,0.002,0
"Adnp",0,5.51274224843189,0.056,0.001,0
"Irf5",0,5.62010412364361,0.057,0.002,0
"Ccdc101",0,9.15973390224178,0.055,0,0
"Itfg3",0,8.90014271227114,0.055,0,0
"Pcx",0,4.21101245945317,0.058,0.003,0
"Vstm2b",0,9.51797993224267,0.054,0,0
"Dgkh",0,4.01128765745393,0.056,0.002,0
"Ccdc152",0,6.07452831019957,0.055,0.001,0
"Ptplb",0,9.07314632498119,0.054,0,0
"Gm6568",0,6.70428966502664,0.053,0,0
"1200014J11Rik",0,7.99684610047572,0.052,0,0
"Cyb561a3",0,5.79161736208008,0.052,0.001,0
"E030024N20Rik",0,10.6138247475354,0.051,0,0
"Slc9a2",0,9.31375238615655,0.05,0,0
"Prr24",0,8.71993555442201,0.05,0,0
"Mir8112",0,4.05435413881813,0.051,0.001,0
"2610002J02Rik",0,9.92271436059336,0.049,0,0
"Zfyve20",0,8.88856422553141,0.049,0,0
"2310045N01Rik",0,8.57966053115476,0.049,0,0
"Diap1",0,8.37265556764409,0.049,0,0
"Asap3",0,7.58994341558488,0.049,0.001,0
"Gtl3",0,8.33059904072564,0.048,0,0
"9930111J21Rik1",0,5.82141650081948,0.049,0.001,0
"Lepre1",0,8.308379293524,0.047,0,0
"2210018M11Rik",0,8.62784805035034,0.047,0,0
"Lcat",0,6.83315022949765,0.047,0,0
"Gm1943",0,7.50725697402733,0.047,0,0
"2310009A05Rik",0,9.32521164885199,0.047,0,0
"Snhg1",0,6.93812786228667,0.047,0,0
"BC039771",0,8.80904744419139,0.046,0,0
"Gm13315",0,6.58915483687982,0.046,0,0
"4930414L22Rik",0,9.00240348360251,0.046,0,0
"2510003E04Rik",0,7.329100880183,0.046,0,0
"Nupl1",0,8.15534766470645,0.046,0,0
"Znf512b",0,9.5376489088967,0.045,0,0
"Ccrn4l",0,9.95171492028635,0.045,0,0
"Ankrd6",0,8.10016594033576,0.045,0,0
"A630077J23Rik",0,9.40426077434363,0.045,0,0
"Mir3097",0,6.55313345504516,0.045,0,0
"4930526I15Rik",0,8.02566910770684,0.045,0,0
"Gm20300",0,10.6049791982248,0.045,0,0
"Gm3219",0,7.0199230465004,0.044,0,0
"Cdc45",0,8.0545824835133,0.044,0,0
"Wash",0,8.28877035133833,0.044,0,0
"Fkbp1a",0,-1.18906869339469,0.79,0.834,0
"Rps24",0,-1.06455216926807,0.918,0.875,0
"Gm2382",0,7.4061221180433,0.043,0,0
"A930006K02Rik",0,9.89322325835544,0.042,0,0
"Tmem181b-ps",0,8.2225344463085,0.042,0,0
"Rplp1",0,-1.01216810293047,0.95,0.915,0
"Rplp2",0,-1.03602951175259,0.931,0.897,0
"Rps11",0,-1.39998066586863,0.883,0.909,0
"Rps20",0,-1.05210286348674,0.865,0.847,0
"Rps10",0,-1.00219333462404,0.806,0.791,0
"Rps21",0,-1.20344983189855,0.856,0.844,0
"Rpl23",0,-1.1622762624585,0.907,0.895,0
"Tpt1",0,-1.05418461214162,0.928,0.919,0
"Rpl39",0,-1.15657326555209,0.877,0.869,0
"H2-D1",0,-1.12096486246711,0.952,0.95,0
"Xpo5",9.9853406122732e-308,6.0389588887572,0.049,0.001,2.50522210621322e-303
"Itpr3",1.22220554280582e-307,1.54959600252043,0.174,0.042,3.06639148634552e-303
"Ppp3cc",1.57096367033411e-307,2.0857233195639,0.147,0.031,3.94139075250126e-303
"Ankrd52",1.86570732037835e-307,6.3025775050299,0.055,0.002,4.68087309609723e-303
"Akap2",6.98076668506368e-307,1.35913799354972,0.367,0.153,1.75140455361563e-302
"Mndal",8.76985640284258e-307,-3.3191548695649,0.078,0.316,2.20026927290918e-302
"Myo1e",1.03254057216075e-306,1.45532895462153,0.223,0.065,2.5905410414941e-302
"Cmtr1",1.82815694546811e-306,1.87810573577753,0.146,0.03,4.58666296048494e-302
"Mff",2.23263064827623e-306,1.13297580905731,0.501,0.26,5.60144703346024e-302
"Timp2",1.99804469042205e-305,-2.85941497978525,0.079,0.319,5.01289432379989e-301
"Fuca2",5.35028510645788e-305,2.47269685256108,0.142,0.029,1.34233303035922e-300
"Mir6975",2.28641533400422e-304,5.80676027568567,0.041,0,5.73638743148319e-300
"Tm9sf1",4.89674474908413e-304,2.38008230603373,0.129,0.024,1.22854429009772e-299
"Sestd1",6.52469223903703e-304,2.88187850028978,0.092,0.011,1.636980035852e-299
"Rps15a-ps6",2.24125750893084e-303,7.43620694548988,0.041,0,5.6230909641566e-299
"C030046E11Rik",2.32167216690794e-303,10.029044392832,0.041,0,5.82484329955534e-299
"Ap1s2",3.27863335059283e-303,1.25616907856917,0.365,0.155,8.22576321330234e-299
"Gm15455",4.94539850226742e-303,7.23723163025463,0.041,0,1.24075103023387e-298
"Stxbp3b",5.16179024911637e-303,8.7142073094857,0.041,0,1.29504155560081e-298
"Snord104",7.13124268899322e-302,4.83106630841074,0.044,0.001,1.78915747824151e-297
"H2-T10",5.26344553628837e-300,6.30761579270331,0.042,0,1.32054585059939e-295
"Sema3f",1.93153204873788e-299,-4.48447497875466,0.022,0.246,4.84602075707846e-295
"Kif13b",2.31421403890677e-299,5.28598719217983,0.048,0.001,5.80613160221319e-295
"Ifi203",2.82815810565586e-299,-3.24772434917251,0.082,0.317,7.09556587127997e-295
"Fscn1",6.56924151726938e-298,-5.51572409870778,0.019,0.238,1.64815700426772e-293
"Max",6.99822255669662e-298,1.15723062992903,0.396,0.177,1.75578405724962e-293
"Ank",9.44573632547619e-298,1.87850702362056,0.147,0.031,2.36984078669872e-293
"Pttg1ip",2.09438084721908e-297,1.09265993337719,0.628,0.384,5.25459210758794e-293
"Calm2",2.61959849488399e-297,-1.1315225083088,0.7,0.745,6.57231066381444e-293
"Ica1l",2.09454830663356e-296,10.1829894878447,0.041,0,5.25501224651293e-292
"Inf2",4.48512035925335e-296,1.07639244569736,0.211,0.06,1.12527184693307e-291
"Gm12250",4.72945295698785e-296,12.3599095304941,0.039,0,1.18657245237868e-291
"Pcdh17",1.65038216855488e-295,-4.57929009071814,0.024,0.245,4.14064382268733e-291
"Slc5a6",1.94490222585726e-295,3.52368713456137,0.082,0.009,4.87956519445328e-291
"H2-T24",2.42936005003762e-295,2.26888175716456,0.086,0.01,6.09502142953937e-291
"Tjp1",4.7510184378168e-295,1.02448569355461,0.503,0.25,1.19198301586386e-290
"Ptprm",6.05446400882778e-294,1.28293636518613,0.347,0.142,1.5190044751748e-289
"4930539J05Rik",8.72945027821652e-294,3.69641487853187,0.049,0.001,2.19013178030174e-289
"Pcdh19",7.25853468407406e-293,2.02664094591433,0.12,0.021,1.82109376688734e-288
"Itga4",5.95596767195891e-292,5.38286043441622,0.051,0.002,1.49429272921777e-287
"Aldh9a1",8.99082307527659e-292,1.99138114532357,0.21,0.063,2.25570760135614e-287
"Per3",1.01896538391173e-291,1.39784198949148,0.203,0.057,2.55648225169614e-287
"Gm15998",1.39954414387917e-291,4.36293709903873,0.057,0.003,3.51131630257846e-287
"4732471J01Rik",2.92591098191352e-291,6.47994182301436,0.041,0,7.34081806252284e-287
"Bmx",2.99964734111687e-291,2.02828391067681,0.167,0.041,7.52581521412812e-287
"1700021K19Rik",1.04132815520643e-290,8.5386325442713,0.04,0,2.61258820859742e-286
"Mcoln1",1.29069694798129e-290,1.60093147366344,0.193,0.053,3.23822957279025e-286
"Focad",2.10904560733048e-290,4.4502891974634,0.054,0.002,5.29138452423145e-286
"Snord52",2.13011295726292e-290,7.93991156856672,0.038,0,5.34424039847693e-286
"Strip1",4.2418755466343e-290,1.7341125571691,0.207,0.061,1.06424415589508e-285
"Prkcb",1.28600938409857e-289,2.91558953139689,0.094,0.013,3.2264689437649e-285
"H2-Q6",4.43248093219032e-289,-4.08629892607804,0.025,0.244,1.11206514107723e-284
"Atxn7l1.1",1.43052714819614e-288,9.95134789885426,0.038,0,3.5890495621093e-284
"Usp18",1.73530792425388e-288,1.37166791407148,0.264,0.092,4.35371405116055e-284
"Akap12",3.31090493614115e-288,1.04610627323048,0.37,0.156,8.30672939428452e-284
"Fyco1",9.22901863532004e-288,1.74000744790151,0.198,0.056,2.31546848541545e-283
"5430417L22Rik",1.3473314748683e-287,8.20171500323073,0.04,0,3.38031993729708e-283
"Gpr17",1.71839045612183e-287,2.79319337318503,0.054,0.003,4.31126981536405e-283
"Adipor2",4.3458681510114e-287,1.34786240290658,0.296,0.111,1.09033486040725e-282
"Rps12-ps3",1.15627979363908e-286,-1.21560284612104,0.391,0.614,2.90099037426108e-282
"Ccdc132",1.14219535989359e-285,7.7866312779592,0.039,0,2.86565393843704e-281
"Ephx1",5.61948916345164e-285,1.33296308124439,0.309,0.121,1.40987363621838e-280
"Kif26a",2.55052183155012e-284,1.04851470291897,0.248,0.081,6.39900422317609e-280
"Xlr",8.79728289748912e-284,2.73704008954168,0.084,0.01,2.20715030615105e-279
"Ppm1h",2.84845197471018e-282,1.56195149770436,0.171,0.043,7.14648115935038e-278
"Dcun1d3",3.12330660317739e-282,1.93539254564931,0.153,0.036,7.83606393671176e-278
"Atp2c1",4.44951777195792e-282,1.18056306913485,0.374,0.163,1.11633951380652e-277
"Zfp191",5.99532690011141e-282,8.12808854324779,0.039,0,1.50416756596895e-277
"Krtap28-13",1.6041985421305e-281,10.0842235744738,0.038,0,4.02477372235122e-277
"Wibg",1.89256154974764e-281,7.69292549954212,0.038,0,4.74824767216186e-277
"Plekho1",6.06019857693157e-281,-4.87093938073983,0.019,0.23,1.52044322096636e-276
"Dennd3",3.69265897122056e-280,1.36064508718876,0.223,0.069,9.26451209289527e-276
"Trim7",1.21254382725621e-279,-1.09410167817166,0.066,0.005,3.0421512082031e-275
"Rhpn2",1.75154984961517e-279,2.25016372352626,0.119,0.022,4.3944634176995e-275
"Tpbg",1.75796973925559e-279,4.59845968745594,0.051,0.002,4.41057027881834e-275
"Ppp4r1l-ps",2.53684016048242e-279,4.46254827070083,0.047,0.001,6.36467827863435e-275
"Tmem176b",7.82058378926865e-279,-1.79562759041044,0.295,0.499,1.96210626688961e-274
"Cep112",1.18146603035396e-278,3.12254685277368,0.065,0.005,2.96418012355505e-274
"Mtpap",1.60425181298899e-278,1.50696508785055,0.236,0.078,4.02490737360807e-274
"Tmem51",2.09902356535495e-278,1.65925456873461,0.162,0.04,5.26624022311905e-274
"Abi3",3.1923301134161e-278,-2.91662037062647,0.083,0.308,8.00923702154966e-274
"1110057K04Rik",2.00731175495164e-277,7.78779971217804,0.039,0,5.03614446199817e-273
"Lama5",2.67310614301596e-277,1.18356490952666,0.231,0.073,6.70655600221275e-273
"Ppp6r2",3.02212718764219e-277,5.68306369898149,0.043,0.001,7.5822149010755e-273
"Map3k1",3.87207713789546e-276,1.05021499583559,0.278,0.1,9.71465433126592e-272
"Lrg1",6.71614658507427e-276,-4.30066830602623,0.02,0.229,1.68501401672928e-271
"Gm608",1.85740502312425e-275,7.40931029712684,0.038,0,4.66004346251644e-271
"Rpl23a-ps3",2.14360032958738e-275,-1.03144440675809,0.474,0.685,5.37807886690178e-271
"Fgf14",4.04771949496781e-275,6.1699461210979,0.037,0,1.01553234409247e-270
"2610034B18Rik",4.47831670194218e-275,8.46251026669708,0.037,0,1.12356487735027e-270
"Slc7a6",5.03210876452629e-275,5.19317941493402,0.049,0.002,1.262505767932e-270
"Kctd17",1.321115402364e-274,3.23089146104679,0.056,0.003,3.31454643299105e-270
"Osbpl10",1.1270956736858e-273,8.09758916507769,0.037,0,2.8277703357103e-269
"Ppard",1.16493729770157e-273,1.54437692108822,0.146,0.033,2.92271118620348e-269
"Zfp869",3.51006795728699e-273,6.59122603148086,0.044,0.001,8.80640949803733e-269
"Gng11",5.96677589495541e-273,-1.04424403465714,0.86,0.834,1.49700440428536e-268
"Fmnl3",7.66918460379994e-273,1.04211523793563,0.354,0.15,1.92412172524737e-268
"Fryl",1.36415648304589e-271,1.09460718921058,0.348,0.146,3.42253220031385e-267
"Cdc42ep4",2.12247977421257e-271,1.13767985225259,0.287,0.107,5.32508950552193e-267
"Cited4",2.64398289914593e-271,4.65439470533143,0.049,0.002,6.63348869566724e-267
"Prkcdbp",3.18510528025009e-271,-1.7266637771294,0.405,0.552,7.99111063761945e-267
"Igfbp7",4.47936066288029e-271,-1.3554565672541,0.978,0.862,1.12382679671004e-266
"Myh10",6.71161724880356e-271,1.81586252747215,0.124,0.024,1.68387765155232e-266
"Cd38",1.61278802646376e-270,-2.67518685924534,0.092,0.318,4.04632387959492e-266
"Gm16907",3.74591880990714e-270,7.6595152326324,0.037,0,9.39813570217602e-266
"2810408M09Rik",4.44609670646577e-269,8.24235765538794,0.037,0,1.1154812026852e-264
"Mir7051",8.53373796974574e-269,6.05119144919832,0.036,0,2.14102951922951e-264
"Fam219b",3.49026882885421e-268,1.45275239669144,0.231,0.077,8.75673546471233e-264
"Exosc6",4.99521123786696e-268,8.81822610147752,0.036,0,1.25324854746844e-263
"Usp6nl",7.33164679823852e-268,1.4731599358046,0.137,0.03,1.83943686521006e-263
"Stab2",1.68572961327773e-267,-8.91380777130655,0.004,0.199,4.2293270267525e-263
"Hlf",3.49655863135933e-267,2.47577907164873,0.1,0.016,8.77251595021743e-263
"Cdh2",3.87595425761359e-267,4.21975155981018,0.052,0.003,9.72438163692673e-263
"Kcnj2",4.29590419331016e-267,8.15654753674911,0.038,0,1.07779940305959e-262
"F2r",5.21306048131067e-267,-3.85718443784796,0.021,0.226,1.30790474415603e-262
"2010012O05Rik",1.31713759073116e-266,8.70484839789697,0.036,0,3.30456650138541e-262
"Phactr1",1.99239653648643e-266,1.26571285926442,0.217,0.068,4.9987236703908e-262
"Fam86",2.07223369724749e-266,7.78654982787015,0.037,0,5.19902712302424e-262
"Tek",2.51711426596202e-266,1.18018876005391,0.664,0.444,6.31518798187211e-262
"Sorbs2os",3.64291459024775e-266,6.05839256511869,0.041,0.001,9.13970841547257e-262
"Efna3",6.3154642191718e-266,7.42544041333262,0.036,0,1.58448681794801e-261
"Tspan15",1.28629943846523e-265,-3.1648913805447,0.041,0.255,3.22719666116541e-261
"Clec4g",2.10238829889209e-265,-15.2948579623587,0,0.191,5.27468200309037e-261
"4930519F09Rik",3.42397426655421e-265,6.20990353006194,0.036,0,8.59040903735786e-261
"Agpat1",8.47994238694208e-265,1.04423894352663,0.17,0.044,2.1275327454599e-260
"Macf1",1.29854259156053e-264,1.10978709231365,0.583,0.348,3.25791350796622e-260
"Trp53i11",5.60712063268173e-264,-3.47909083334376,0.043,0.253,1.40677049553352e-259
"Tecrl",3.70177961819423e-263,11.6472607991045,0.035,0,9.28739488408751e-259
"Dync1li2",6.21219818427061e-263,1.13100067632453,0.285,0.108,1.55857840245165e-258
"Mov10",1.44728397893701e-262,1.55836415177461,0.11,0.02,3.63109077475506e-258
"Dhrs3",1.89519331795881e-262,-2.35819756137897,0.157,0.377,4.75485051542686e-258
"Sidt2",4.0268883783684e-262,1.5387895540415,0.187,0.054,1.01030602524885e-257
"Gng7",4.1489354316781e-262,8.20369266330498,0.038,0,1.04092641045372e-257
"Gclm",9.00117014814575e-262,1.09980591879065,0.356,0.158,2.25830357846829e-257
"Prkdc",1.28817651711226e-261,3.82239082844023,0.056,0.004,3.23190606378294e-257
"Ncoa1",1.16586712082857e-260,1.55633508884211,0.163,0.042,2.92504401944679e-256
"Cxcl16",2.63718123877986e-260,-5.43080661099815,0.019,0.216,6.61642400997478e-256
"Tes",3.37137893053472e-260,1.88815648801997,0.161,0.042,8.45845259881857e-256
"Mterfd2",5.83982769364411e-260,7.14971340630962,0.036,0,1.46515437005837e-255
"Trex1",8.56331581908878e-260,4.83674661523924,0.048,0.002,2.14845030585118e-255
"Crem",1.03039359669213e-259,1.15486084806409,0.308,0.125,2.5851544947409e-255
"Gpr85",1.38019057548615e-259,10.5074181659403,0.035,0,3.4627601348372e-255
"Tbc1d4",2.01340023419806e-259,1.3568656818867,0.167,0.044,5.05141984757952e-255
"Dhx40",1.32160376643629e-258,1.74155557774011,0.196,0.06,3.315771689612e-254
"Mturn",2.28312594355775e-258,3.0984770404372,0.072,0.008,5.72813467979204e-254
"D19Bwg1357e",2.83701061791752e-258,8.75439873692083,0.036,0,7.11777593929327e-254
"4933411K20Rik",4.21258681316554e-257,8.59163461876625,0.034,0,1.0568959055551e-252
"Fgf13",1.3647643203161e-256,8.68048329132551,0.036,0,3.42405720324107e-252
"2810013P06Rik",2.01570128043548e-256,4.82701365558652,0.044,0.002,5.05719294248458e-252
"B3gntl1",2.14674728071335e-256,6.03605975042901,0.04,0.001,5.38597425258172e-252
"Sec14l4",4.36095575581589e-255,5.65856900513064,0.034,0,1.09412018957665e-250
"5830418K08Rik",1.23616904911376e-254,8.50910829158906,0.035,0,3.1014245273215e-250
"Crtap",1.40409463368561e-254,1.27454705520043,0.318,0.135,3.52273302645383e-250
"Unc13c",2.73182841306101e-254,10.3218964336861,0.034,0,6.85388430552876e-250
"Atp6v0a1",8.43174771105508e-253,1.35973416551877,0.211,0.068,2.11544118322661e-248
"Lmo7",2.3802964044179e-251,1.04520363808031,0.314,0.129,5.97192564904407e-247
"4930578C19Rik",2.00027965375319e-250,1.94736681217776,0.085,0.012,5.01850162330139e-246
"Ak4",3.84571712787202e-250,10.8561606443662,0.034,0,9.64851970211811e-246
"Gdi1",8.62062507379141e-250,1.03493031416498,0.408,0.2,2.16282862476353e-245
"Ppfibp1",1.10867042857779e-249,1.05527852849417,0.383,0.177,2.78154323825882e-245
"1700019G17Rik",1.17962995751602e-248,10.2312290782649,0.033,0,2.95957360041194e-244
"Diap2",2.52774290896968e-248,6.3923617506437,0.034,0,6.34185418431403e-244
"Rundc3b",2.98283044500316e-248,5.44583478540407,0.034,0,7.48362330346843e-244
"Col14a1",4.62997186410501e-248,3.7649705218346,0.065,0.006,1.16161364098531e-243
"Pxk",6.39601571222957e-247,1.13046802838848,0.274,0.105,1.60469638204128e-242
"Pard3",1.56413201146591e-246,1.91147634898084,0.131,0.03,3.92425080356683e-242
"Plpp6",1.36992386504656e-245,1.67061463981864,0.218,0.076,3.43700198501532e-241
"5430405H02Rik",2.22106659458856e-245,4.65903503079874,0.04,0.001,5.57243397916324e-241
"Lphn3",8.51419536878574e-245,10.4572807587444,0.033,0,2.13612647607465e-240
"Colgalt2",3.43840494632228e-244,1.51133436500124,0.139,0.033,8.62661416982796e-240
"Sla2",4.3514051585676e-244,1.46485250126967,0.05,0.003,1.09172404023303e-239
"Apbb3",5.01588667195808e-244,7.38803792836345,0.033,0,1.25843580712756e-239
"Cd55",2.00994430138852e-243,-5.22304993091259,0.02,0.207,5.04274925775367e-239
"2310047M10Rik",2.40162706521211e-243,7.8951922876062,0.033,0,6.02544214391066e-239
"Ssfa2",4.38670337333171e-243,1.31976775448513,0.235,0.083,1.10058000933519e-238
"Exoc3l2",7.68402513356639e-243,-8.05597638275229,0.002,0.18,1.92784506576047e-238
"Nrd1",1.00396852699942e-241,1.15954077462172,0.31,0.129,2.51885663738886e-237
"Srp54a",1.34873937528625e-241,6.21032679635368,0.033,0,3.38385221865567e-237
"Sh3bp5",1.31108425853284e-240,-2.48307632430821,0.101,0.312,3.28937929623304e-236
"Snhg5",4.05138090894734e-240,4.99811047238743,0.042,0.001,1.0164509562458e-235
"Lgals1",5.29457829374726e-240,-3.02199043934953,0.05,0.251,1.32835674811825e-235
"St6galnac3",6.80632527943411e-240,1.01840582261149,0.362,0.166,1.70763894935722e-235
"Gm10791",8.29300170117167e-240,7.39731092459023,0.032,0,2.08063119680696e-235
"Sbspon",1.87741892080288e-239,4.79635026024422,0.042,0.002,4.71025633040235e-235
"A230073K19Rik",2.05833817020984e-239,6.22168416339199,0.033,0,5.16416463523947e-235
"BC005764",3.27765555349612e-238,7.24420322219499,0.033,0,8.22331001816642e-234
"4930425O10Rik",9.6001005691492e-238,10.2491660983417,0.032,0,2.40856923179384e-233
"Flnb",9.69783746309978e-238,1.10091156058154,0.391,0.189,2.4330904411171e-233
"Emp3",1.89077445382961e-237,-2.43074053109505,0.072,0.279,4.74376402721311e-233
"Tril",6.14445355870171e-237,1.21467820198039,0.237,0.085,1.54158195334267e-232
"Thrsp",8.19688907878323e-237,-3.22798267508266,0.062,0.259,2.05651750097592e-232
"Lurap1",8.62289367788872e-237,4.55184641041935,0.048,0.003,2.1633977948455e-232
"Abca5",1.03752176526795e-236,4.0056400876221,0.047,0.003,2.60303835688077e-232
"Cat",1.52004260772108e-236,1.31361804386439,0.285,0.117,3.81363489851141e-232
"9130011E15Rik",6.20797180091356e-236,9.19917500526173,0.032,0,1.5575180451312e-231
"Sp5",6.31496175168432e-236,8.43045793667702,0.032,0,1.58436075388008e-231
"Hip1r",7.46200951867499e-236,1.25530549364534,0.184,0.056,1.87214356814037e-231
"Pip5k1b",9.42274815452135e-236,5.58925227644331,0.037,0.001,2.36407328448786e-231
"Gm14325",1.26969481961906e-235,5.7583241303144,0.037,0.001,3.18553733294226e-231
"Prdm16",1.8930579667313e-235,1.15912490423947,0.234,0.083,4.74949313273217e-231
"Trim25",2.25708988163929e-235,1.10515534955013,0.267,0.103,5.66281280404483e-231
"Mecom.1",2.49002929185035e-235,10.1210939535644,0.031,0,6.24723449032334e-231
"Aplnr",2.58904163005625e-235,-3.8045000447911,0.03,0.219,6.49564654564813e-231
"Pdlim4",2.68983433580131e-235,-4.84704814526553,0.016,0.198,6.74852536509191e-231
"Vamp5",3.16931177250903e-235,-1.64841628341832,0.393,0.529,7.95148630604791e-231
"Ifit1",4.69390876970109e-235,1.17949204019731,0.301,0.126,1.17765477123031e-230
"Gm12992",2.22192858681761e-234,1.86818451791952,0.051,0.003,5.57459663146669e-230
"Wdfy3",3.22090189625153e-234,1.47126975627671,0.208,0.069,8.08092076750546e-230
"Cotl1",5.61242333480836e-234,-4.28774184657818,0.02,0.203,1.40810089047007e-229
"Mllt3",1.25499384502328e-233,1.41218975557154,0.144,0.037,3.14865405777891e-229
"Slc7a3",3.20301710406094e-233,10.0837908941387,0.032,0,8.0360496123785e-229
"Cyb5b",4.19588548509174e-233,1.10749660958115,0.342,0.155,1.05270570935467e-228
"Cast",7.05340487310137e-233,1.17724297132755,0.215,0.073,1.7696287486124e-228
"St8sia6",1.18608654628721e-232,1.56336032415976,0.161,0.046,2.97577253597998e-228
"Ndufaf7",1.27777643506324e-232,1.50511168814409,0.193,0.063,3.20581329793016e-228
"Ivns1abp",1.85196207582225e-232,1.90069785578861,0.372,0.181,4.64638765203045e-228
"Arap2",8.69017710826924e-232,1.12681591616876,0.227,0.08,2.18027853469367e-227
"Lyve1",1.95547385448415e-230,-11.6273347186524,0.003,0.174,4.90608835351529e-226
"Dusp22",2.48941568451924e-230,1.52040489764581,0.205,0.069,6.24569501089032e-226
"Gpam",3.02881785562831e-230,5.77147368149025,0.035,0.001,7.59900111798586e-226
"Ogt",1.11797612010236e-229,1.17993761349574,0.464,0.254,2.80489028772482e-225
"Oasl2",1.44678313660474e-229,1.18134540006203,0.349,0.162,3.62983421142763e-225
"Sobp",6.66629920898834e-229,5.4650648237497,0.035,0.001,1.67250780854308e-224
"Riok2",7.94402518598254e-228,7.56126498458166,0.031,0,1.99307647891116e-223
"Lime1",9.55027547214494e-228,6.60386214415333,0.037,0.001,2.39606861320644e-223
"Vash1",1.54203886980773e-227,2.59227124740764,0.059,0.006,3.86882132046061e-223
"Med12",6.34800342294758e-227,1.30011948108127,0.144,0.037,1.59265057878332e-222
"Cdc42ep2",9.28440030669007e-227,-2.4478968049172,0.074,0.274,2.32936319294547e-222
"Crtc1",1.62463047275409e-226,1.67721454802914,0.088,0.015,4.07603539309273e-222
"Vtn",1.92679190580707e-226,3.43902410800229,0.072,0.009,4.83412821247936e-222
"A930005H10Rik",7.05415984413774e-226,5.10019706173729,0.033,0,1.76981816329572e-221
"Ppap2b",6.3289465792366e-224,7.6750111125278,0.032,0,1.58786940726467e-219
"Unc13b",1.23952420130203e-223,1.80879785943971,0.141,0.037,3.10984226864667e-219
"1700113A16Rik",1.60277205153809e-223,1.68705600762779,0.054,0.005,4.02119480010391e-219
"Styx",5.32152100294855e-223,2.97752673860704,0.035,0.001,1.33511640442976e-218
"Dos",1.59508082441871e-222,6.80137701708898,0.03,0,4.0018982803841e-218
"2700046A07Rik",2.31683568722825e-222,4.48423809557918,0.044,0.002,5.81270905568695e-218
"Tnfrsf21",2.59198032728827e-222,1.74894358613591,0.116,0.026,6.50301944313354e-218
"Peli1",2.79347904818798e-222,1.06045154793714,0.323,0.146,7.00855958399882e-218
"Cntd1",2.7990784138815e-222,1.78403783818995,0.047,0.003,7.0226078325873e-218
"Gm13889",4.83471178454348e-222,-4.5555395182376,0.021,0.196,1.21298083962411e-217
"Prickle1",2.32811977709552e-220,1.12307302214497,0.297,0.128,5.84101970875494e-216
"Cdip1",3.63381259302577e-220,1.51672211775205,0.198,0.067,9.11687241464235e-216
"Epn2",5.21639733854995e-220,1.01777099303481,0.358,0.171,1.3087419282688e-215
"Dnah6",6.16966562748063e-220,6.26513733777498,0.031,0,1.54790740927861e-215
"Ifih1",6.57954892803987e-220,1.50983042945468,0.208,0.073,1.65074303055592e-215
"Polr2b",1.10518349810611e-219,1.09149067014178,0.186,0.059,2.77279487839841e-215
"Itga1",1.10711926816851e-219,1.31319454446727,0.309,0.136,2.77765153190797e-215
"Lhfpl2",1.21135130510626e-219,1.16097728033805,0.243,0.093,3.0391592893811e-215
"Bace2",3.20144122932218e-219,-3.85688737278146,0.02,0.195,8.03209590024642e-215
"Tfdp1",3.89636453717921e-219,5.09088001481127,0.039,0.002,9.77558898732892e-215
"6330549D23Rik",6.71268568214657e-219,6.86325270055538,0.032,0,1.68414571079375e-214
"Hmga1",7.0986355046255e-219,4.16408428569221,0.034,0.001,1.78097666175549e-214
"Lpl",8.6737409886318e-219,-4.7570667082364,0.024,0.198,2.17615487663783e-214
"Src",1.10806794203126e-218,4.9616737870669,0.037,0.001,2.78003165976224e-214
"Epdr1",4.46227786117879e-218,3.70562905724645,0.051,0.004,1.11954089259115e-213
"Ssx2ip",4.89156851359635e-218,2.62464757351619,0.078,0.012,1.22724562437619e-213
"Gltpd1",3.51886813434766e-216,8.19010521355903,0.029,0,8.82848826226485e-212
"Fam69a",5.06693154712008e-216,1.63705074628009,0.205,0.074,1.27124245585696e-211
"Il18",1.15131751488978e-215,7.05868626189017,0.032,0,2.88854051310697e-211
"Hist1h2ba",1.38183577749867e-215,6.07071338073585,0.028,0,3.46688778216642e-211
"Klf11",1.65791979121868e-215,1.50259355928136,0.184,0.061,4.15955496418854e-211
"Ldb2",2.13372424897913e-215,-3.00735076001376,0.043,0.226,5.35330076826374e-211
"Ensa",4.65527332360281e-215,1.07885895629304,0.268,0.109,1.16796152415871e-210
"Fez1",7.2231504857828e-215,2.09429377724502,0.104,0.022,1.81221622537805e-210
"Patz1",1.60798762377312e-214,1.60139093106281,0.153,0.044,4.03428014928437e-210
"Ankrd32",2.0372533687139e-214,8.51493275212862,0.029,0,5.1112649767663e-210
"Bend5",2.71122465090211e-214,2.0377570731245,0.108,0.024,6.80219152664831e-210
"Rpph1",5.39298502835621e-214,4.64549934987669,0.03,0,1.35304601376429e-209
"Stard13",1.00678267478069e-213,1.45800524056525,0.139,0.037,2.52591705275726e-209
"Gm20594",1.26237692398661e-213,4.3439288588195,0.033,0.001,3.16717746459e-209
"2310003H01Rik",2.26792798717423e-213,8.80177626102346,0.029,0,5.69000452702143e-209
"Clec1a",4.46988375581527e-213,-2.47529694026928,0.096,0.289,1.12144913549649e-208
"H2-Q5",1.15119102850959e-212,6.89801686618165,0.032,0.001,2.8882231714277e-208
"Rbp7",1.1610548035807e-212,-11.8663766781666,0.002,0.161,2.91297039670361e-208
"2210015D19Rik",2.34873296613273e-212,9.94122661852227,0.028,0,5.8927361387304e-208
"Mospd1",6.5374806109999e-212,1.12702608669081,0.28,0.12,1.64018851049376e-207
"Napepld",6.83618838043022e-212,3.08623178099276,0.055,0.005,1.71513130276614e-207
"Ret",7.61463236859424e-212,3.01176147644311,0.062,0.007,1.91043511495661e-207
"Lmbrd1",1.00368777067011e-211,1.04193328934387,0.372,0.186,2.51815224783424e-207
"Hba-a2",1.35253609091118e-211,-1.69815223415292,0.147,0.041,3.39337779848706e-207
"Rnf125",6.16767335925221e-211,1.03807496125427,0.227,0.084,1.54740756910279e-206
"Rcbtb1",8.24248586429968e-211,1.47618450396894,0.181,0.06,2.06795727849415e-206
"Pagr1a",1.01181537694992e-210,1.89296720163977,0.078,0.012,2.53854359922966e-206
"Ahcyl1",1.3904366297217e-210,1.42359652682578,0.205,0.073,3.48846646030878e-206
"Sec61a1",1.65463469632111e-210,1.14997778569827,0.344,0.167,4.15131298960003e-206
"Smarca5-ps",7.23004387965506e-210,7.32297231382203,0.029,0,1.81394570896666e-205
"Bhlhb9",1.3375755107994e-209,2.26186439221449,0.109,0.024,3.35584319904461e-205
"2410004N09Rik",1.63811764161528e-209,7.0111399962498,0.029,0,4.10987335104859e-205
"Mir24-2",2.38961592466565e-209,4.32566190849152,0.032,0.001,5.99530739339366e-205
"Gde1",3.22861333827865e-209,1.19005047647633,0.333,0.161,8.10026800440731e-205
"Gdap10",5.18137684750757e-209,2.55501930460266,0.084,0.015,1.29995563727117e-204
"Ccp110",1.06472389304696e-208,2.6866606004324,0.063,0.008,2.67128577526553e-204
"Ncaph",1.79896129208731e-208,3.59153101628656,0.046,0.003,4.51341398571785e-204
"Mapkapk5",5.74942704080375e-208,2.67368010257088,0.061,0.007,1.44247375026725e-203
"Pcdhgc3",7.93176145646898e-208,3.33650386422738,0.05,0.004,1.9899996318135e-203
"Hba-a1",1.25767607220686e-207,-1.59954626077714,0.16,0.049,3.15538349755978e-203
"Ecm1",1.7786035223568e-207,1.27657768249533,0.375,0.183,4.46233837724096e-203
"Cd47",1.90790335839265e-207,-1.15389545413283,0.514,0.627,4.78673873587132e-203
"Pde8a",3.12700135746574e-207,1.11441506932695,0.21,0.075,7.8453337057458e-203
"Foxl2os",4.77510362863875e-207,9.04295793827774,0.028,0,1.19802574938918e-202
"Fam174b",7.6680567487641e-207,-5.26253134199708,0.007,0.166,1.92383875769742e-202
"Tspan18",1.23311776766056e-206,-2.81454097363066,0.068,0.251,3.09376916728358e-202
"Atp1a2",1.25765751238807e-206,2.95045319801686,0.062,0.008,3.15533693283043e-202
"Pik3r3",5.88987102908104e-206,1.52597210021275,0.157,0.047,1.47770974248614e-201
"4930473A02Rik",5.99775356808666e-206,2.03236347249174,0.04,0.002,1.50477639269726e-201
"Mppe1",6.5019577877815e-206,5.84975511062596,0.035,0.001,1.6312761893765e-201
"Dnm3os",6.7707758110185e-206,6.03640959504576,0.035,0.001,1.69871994322643e-201
"Gm19897",1.27852206193608e-205,4.71053471961584,0.028,0,3.20768400119143e-201
"Laptm5",3.15103732858506e-205,3.26163103782188,0.043,0.003,7.90563755368705e-201
"Fcgr2b",5.90500465544105e-205,-11.0471920540062,0.001,0.155,1.48150661800361e-200
"Atrip",8.96746421817242e-205,5.02264380096013,0.035,0.001,2.24984709769728e-200
"AA987161",1.45022787348352e-204,9.30305056666085,0.028,0,3.6384767117828e-200
"Grin3b",1.14262707818487e-203,4.88689940780392,0.033,0.001,2.86673707645803e-199
"Upp1",1.28465603912931e-203,-6.74994358274812,0.005,0.16,3.22307353657152e-199
"Eml3",5.96296852310832e-203,1.54120090366559,0.134,0.036,1.49604917276265e-198
"Bambi-ps1",6.71115142769849e-203,11.0699945437915,0.027,0,1.68376078169527e-198
"Rqcd1",1.08062698171874e-202,1.4792059387769,0.122,0.03,2.71118503443415e-198
"Mir6910",1.29070786417464e-202,4.90145648339671,0.029,0,3.23825696042775e-198
"Fam118b",4.38558606679566e-202,1.50166585571324,0.172,0.056,1.10029968829836e-197
"Ptgs1",1.72818611168743e-201,-4.2444371424882,0.012,0.17,4.33584613561259e-197
"Aldh4a1",2.92391355997217e-201,2.4195160479842,0.095,0.019,7.33580673061419e-197
"Ifltd1",4.42448864976191e-201,9.92662866963496,0.027,0,1.11005995733876e-196
"C030006K11Rik",1.04199321131751e-200,9.70225247439541,0.027,0,2.61425676787451e-196
"Gnal",1.42434364268091e-200,5.51616801449635,0.034,0.001,3.57353576512215e-196
"Imp3",4.37420196089662e-200,1.46952114331595,0.458,0.285,1.09744352996935e-195
"Slc16a11",5.45246252917387e-200,7.05683222310509,0.031,0.001,1.36796832394443e-195
"Gm17066",1.14884368246186e-199,8.10254914756369,0.028,0,2.88233391492856e-195
"Cd63",2.00676938407093e-199,-3.05130367491845,0.035,0.206,5.03478370769555e-195
"Hipk3",3.47377911289509e-199,1.17870025816921,0.246,0.099,8.7153644163425e-195
"Ubr4",3.63900784080571e-199,1.11951504233863,0.254,0.105,9.12990677179744e-195
"Ankrd46",6.08286630701847e-199,1.2145309394362,0.282,0.126,1.52613032776786e-194
"Plekhm1",1.54852989630831e-198,1.4789083275954,0.115,0.028,3.88510665684791e-194
"Tollip",2.61523851464042e-198,1.43922316644949,0.232,0.093,6.56137190938134e-194
"Gbp6",3.48728528623868e-198,3.5557840421547,0.038,0.002,8.74925005464422e-194
"Zfp69",8.8460097848363e-198,2.77402166633672,0.053,0.005,2.21937539491758e-193
"Oas1b",1.17847761823275e-197,8.18381090671788,0.029,0,2.95668249638414e-193
"E330009J07Rik",1.68429753873633e-197,2.84597464552529,0.05,0.004,4.22573409493559e-193
"Tmtc4",3.27269280417485e-197,1.73541008540179,0.086,0.016,8.21085897639429e-193
"Rbm41",4.41771928841548e-197,6.57959532370647,0.031,0.001,1.10836159227056e-192
"Tspan3",4.59730860402535e-197,1.10126522839411,0.348,0.176,1.15341875566392e-192
"Igflr1",5.19457135453265e-197,7.09690696187175,0.028,0,1.3032660071387e-192
"Hbb-bt",6.26979416300476e-197,-1.02915266119967,0.088,0.017,1.57302865755627e-192
"Gm6251",1.79945369843593e-196,5.91591720482282,0.026,0,4.5146493840059e-192
"Nudt12",2.96443016335866e-196,3.71875841806227,0.038,0.002,7.43745883685055e-192
"Bag2",2.99095487514197e-196,2.6990634230184,0.08,0.014,7.50400668624369e-192
"Myzap",7.62268506023411e-196,-5.43352579599131,0.012,0.167,1.91245545476214e-191
"Cpm",8.27652848391861e-196,2.49744935355916,0.066,0.009,2.07649823133034e-191
"Gpr125",9.09004245419571e-196,8.56795529308003,0.027,0,2.28060075133316e-191
"5830417I10Rik",9.51733720600206e-196,7.32754775816648,0.027,0,2.38780473161386e-191
"Gab1",1.40470056300351e-195,1.50681028914461,0.155,0.048,3.52425324251951e-191
"Tom1l2",1.87047335219514e-195,1.17307086815266,0.17,0.055,4.69283059332238e-191
"H2-Q8",1.88159168594075e-195,5.73479101104821,0.026,0,4.72072538085676e-191
"Prune",2.10960992961905e-195,2.02441913359699,0.102,0.023,5.29280035242124e-191
"Dgcr2",3.22513082161318e-195,1.30715645885506,0.23,0.092,8.09153071834531e-191
"A930015D03Rik",4.48965035603488e-195,9.49607905132605,0.026,0,1.12640837782559e-190
"Arhgef28",9.08937168505805e-195,1.38648033853304,0.106,0.024,2.28043246206421e-190
"Calcrl",2.17741474844623e-194,-2.03418064583839,0.237,0.404,5.46291586237674e-190
"Celf2",2.56478296541712e-194,1.80392444364251,0.081,0.015,6.43478398193501e-190
"Tef",2.63801457811641e-194,1.49798557534373,0.179,0.061,6.61851477503627e-190
"Fbxw11",5.26410223801702e-194,1.45946748998332,0.192,0.069,1.32071061049609e-189
"Trim16",8.1755528849256e-194,1.36437515379998,0.203,0.075,2.05116446329898e-189
"Mir5121",8.61869065150859e-194,2.04860223044331,0.055,0.006,2.16234329755699e-189
"4933417G07Rik",9.14814145792252e-194,5.69451665995054,0.027,0,2.29517721037818e-189
"Slc36a1",1.12950548394476e-193,2.43970013574552,0.065,0.009,2.833816308669e-189
"3110007F17Rik",1.20563778591658e-193,7.38272869852428,0.026,0,3.02482464108612e-189
"Cml1",2.17291992847758e-193,2.20965987339322,0.082,0.015,5.45163880855739e-189
"Aarsd1",2.94307495621485e-193,2.30392514877605,0.062,0.008,7.38388075764744e-189
"Usp28",3.14379153288072e-193,5.71124998415062,0.032,0.001,7.88745857684443e-189
"Vps13b",3.86942525799991e-193,1.9022038557374,0.107,0.025,9.70800102979598e-189
"Gm5069",6.0081739210362e-193,7.72982586164375,0.026,0,1.50739075504877e-188
"Gm5434",6.12756899943666e-193,6.05352003331422,0.026,0,1.53734578626866e-188
"Golm1",1.21685571158789e-192,2.04865854502204,0.129,0.036,3.05296929480287e-188
"Gm609",1.59640414208295e-192,3.55171996741538,0.039,0.002,4.00521835207191e-188
"Zfp771",2.29569106384706e-192,1.09490387610892,0.242,0.098,5.75965931008588e-188
"Gm9833",3.0340289573183e-192,8.45824754932088,0.026,0,7.61207525101588e-188
"Lphn1",4.59384605053553e-192,5.3906505777216,0.027,0,1.15255003561886e-187
"Dpp8",5.44870008833346e-192,1.360359677733,0.148,0.045,1.36702436516198e-187
"A530084C06Rik",6.60543792441922e-192,9.55598660798113,0.026,0,1.65723832085754e-187
"Igtp",8.25825394519877e-192,1.12985868853443,0.276,0.121,2.07191333231092e-187
"Gm14420",1.53749047105059e-191,7.95163310615934,0.026,0,3.85740984281883e-187
"Odf3b",1.75823066418676e-191,1.84438233836522,0.084,0.016,4.41122491337816e-187
"Dennd6b",2.36751308204192e-191,2.89528398708511,0.045,0.004,5.93985357153498e-187
"Wnt5b",2.744045858007e-191,3.82693761089067,0.045,0.004,6.88453665315377e-187
"Irak2",2.75873976054213e-191,1.06225830398886,0.167,0.054,6.92140218522414e-187
"Ankrd28",3.16376562447011e-191,2.06450999638368,0.051,0.005,7.93757157523305e-187
"Pcdhgb7",5.40734351513635e-191,3.11030635515415,0.046,0.004,1.35664841451256e-186
"Sox4",7.77613727799695e-190,-2.13973911623758,0.103,0.285,1.95095508167665e-185
"C630043F03Rik",8.2504730523372e-190,10.5357102799749,0.025,0,2.06996118410088e-185
"Nudt14",1.00076183069313e-189,1.06499676519097,0.21,0.079,2.510811357026e-185
"Cep97",1.30873177000448e-189,1.28228114299804,0.093,0.019,3.28347713776424e-185
"Fxyd6",1.44821084679032e-189,-3.7522632037478,0.035,0.196,3.63341619351223e-185
"Trpm6",1.94852339967777e-189,11.447094161429,0.025,0,4.88865035745157e-185
"2310061J03Rik",1.96881759828694e-189,8.81301334372508,0.025,0,4.9395664723421e-185
"Pcdhga7",2.64665735413072e-189,3.47323739786964,0.046,0.004,6.64019863577856e-185
"Tec",2.82865560477617e-189,2.37253193967467,0.078,0.014,7.09681404682292e-185
"Aqp7",1.30068965113257e-188,-10.4021590715782,0.005,0.15,3.26330026572651e-184
"Pcdhgb6",2.46147727288117e-188,3.20777956667702,0.046,0.004,6.17560032993158e-184
"Tnfaip2",3.2183134780308e-188,-6.44480569845111,0.011,0.16,8.07442668503148e-184
"Sbno2",3.67380268775115e-188,1.5923220878703,0.084,0.016,9.21720356329886e-184
"Igsf11",4.03190371473672e-188,4.78514328783223,0.026,0,1.0115643229903e-183
"Pfkl",4.37487809935729e-188,1.04106248252279,0.311,0.149,1.09761316634775e-183
"Vwa8",6.35803593891158e-188,2.0802728368321,0.075,0.013,1.59516763671353e-183
"Mcam",1.44859095826256e-187,-3.17184639807324,0.042,0.205,3.63436985518493e-183
"4931403E22Rik",1.77259896258853e-187,5.74707154391146,0.029,0.001,4.44727353723838e-183
"E330033B04Rik",2.48343105809689e-187,9.19524655914669,0.026,0,6.23068018165929e-183
"Psma8",3.51410067298244e-187,3.79389014055114,0.044,0.003,8.81652717844564e-183
"Ovca2",4.4944777260418e-187,3.00700725567587,0.044,0.003,1.12761951668663e-182
"Uchl4",6.97229255589872e-187,1.51183766467537,0.038,0.002,1.74927847934943e-182
"Jmjd7",1.58750520149394e-186,2.6895084329737,0.053,0.006,3.98289180002814e-182
"Entpd1",1.5915356277371e-186,1.11342615912576,0.291,0.134,3.99300373642961e-182
"Zfp52",1.74512200383441e-186,4.36804064751526,0.037,0.002,4.37833659542014e-182
"Trerf1",2.60533711611768e-186,4.77623521986758,0.033,0.001,6.53653029062765e-182
"Bmp2",4.24497470690716e-186,-5.39795382099436,0.01,0.157,1.06502170421594e-181
"Eif2ak4",4.59006567534914e-186,1.32792192063801,0.097,0.021,1.15160157728835e-181
"Scube2",2.09763742252044e-185,3.8175186047312,0.042,0.003,5.26276252936152e-181
"Eftud2",1.92663217448287e-184,1.3071416102062,0.209,0.081,4.83372746256008e-180
"Cnnm2",4.10210122186574e-184,3.43245603740478,0.046,0.004,1.0291761755539e-179
"Ctsf",1.04490238711931e-183,1.5461591615862,0.16,0.053,2.62155559904363e-179
"Kbtbd11",1.21043962220109e-183,1.76818760013635,0.097,0.022,3.03687196814033e-179
"Adar",2.65699800238978e-183,1.07180778489942,0.17,0.057,6.66614228819572e-179
"Taf9b",3.23790369946743e-183,1.36865932699286,0.198,0.075,8.12357659159384e-179
"Fbxl2",1.88659876336584e-182,4.19620339636857,0.041,0.003,4.73328763740854e-178
"Swap70",2.06519405644163e-182,1.00716818106127,0.31,0.149,5.18136536820641e-178
"4930579G18Rik",2.24936955463769e-182,7.08880297853146,0.025,0,5.64344327563049e-178
"BC027231",3.05468605877919e-182,7.45865336361595,0.026,0,7.66390185287112e-178
"Gatsl3",6.03263894056159e-182,1.21683128364348,0.246,0.107,1.5135287837975e-177
"Tcf15",9.30569513473388e-182,-3.38604357213042,0.101,0.264,2.33470585235338e-177
"Rpl30.2",1.11043076912173e-181,6.67248481089688,0.025,0,2.78595975664951e-177
"Cyb5a",1.86172959716422e-181,-1.01022296389626,0.538,0.629,4.67089338632531e-177
"Ppme1",5.20404979516665e-181,1.41373638409759,0.186,0.069,1.30564405310936e-176
"2210408F21Rik",9.85533817781436e-181,4.51062376459142,0.03,0.001,2.47260579543185e-176
"Gm10677",1.27841078887077e-180,7.25193426693846,0.025,0,3.20740482819789e-176
"Atpif1",2.25801318126853e-180,-1.49480602623379,0.401,0.51,5.6651292704846e-176
"Mycl",2.33509583327958e-180,11.4853810739269,0.024,0,5.85852193611513e-176
"Pi4kb",5.46632831440731e-180,1.98436112885982,0.078,0.014,1.37144711080165e-175
"Gm17745",5.95025738972569e-180,9.81803485165971,0.024,0,1.49286007650828e-175
"1700094D03Rik",5.96580990990789e-180,9.75198961144452,0.024,0,1.49676204829679e-175
"Notumos",6.00598879189722e-180,9.6095768727719,0.024,0,1.50684252799909e-175
"Pdxdc1",1.05170098944711e-179,1.36974125965573,0.195,0.074,2.63861261242385e-175
"Slco3a1",1.14818062017643e-179,-5.64401678635052,0.013,0.157,2.88067035796063e-175
"Mir6913",5.97932585534849e-179,5.43174927893626,0.024,0,1.50015306384838e-174
"Eml5",2.07509324764486e-178,5.58283796215976,0.033,0.001,5.20620144901619e-174
"Ccdc91",4.6907481156828e-178,1.47247140435309,0.178,0.065,1.17686179474366e-173
"Eif4ebp3",7.83053021350474e-178,5.54183598630393,0.027,0,1.9646017252662e-173
"Prdx6b",1.74441601462497e-177,5.96882658205554,0.024,0,4.3765653390926e-173
"Ranbp10",3.0516035719816e-177,1.18637989411961,0.091,0.02,7.65616820174463e-173
"Cbx7",3.64648430346788e-177,1.080020038831,0.148,0.047,9.14866446897056e-173
"Mapk8ip3",3.85255337876363e-177,1.09634190900463,0.161,0.053,9.66567117198008e-173
"Pcdhga11",1.13789119173484e-176,3.42756161355926,0.044,0.004,2.85485521094355e-172
"Map3k3",1.27157791225911e-176,1.53542960035153,0.128,0.037,3.19026182406688e-172
"Lynx1",8.3973418008204e-176,2.14496043662811,0.072,0.013,2.10680908440783e-171
"Khnyn",2.69081201268155e-175,1.74881851988608,0.077,0.014,6.75097825861674e-171
"Rin2",9.22386959452096e-175,1.0667773485041,0.22,0.089,2.31417664256936e-170
"Slfn10-ps",2.54637141041714e-174,11.2271694821638,0.023,0,6.38859123159556e-170
"Nrep",3.59934494293695e-174,1.45840512433796,0.202,0.08,9.03039652733452e-170
"Crip1",3.85225518697907e-174,-1.32895904296,0.694,0.679,9.6649230386118e-170
"Megf6",4.65226100537984e-174,1.48297192892431,0.104,0.026,1.16720576363975e-169
"Pfkm",5.84320897607397e-174,1.73523781813655,0.105,0.026,1.4660027000072e-169
"Med9",2.33807672710632e-173,1.08824724865588,0.223,0.092,5.86600070063705e-169
"Gm10033",2.5672732331191e-173,10.2583795729451,0.023,0,6.4410318145725e-169
"Wnt5a",2.81866078433412e-173,3.48871362581818,0.05,0.006,7.07173804181588e-169
"Cd40",3.7050621460852e-173,1.26261878022263,0.149,0.048,9.29563041831317e-169
"Ptprj",5.01770571284818e-173,2.06285071631586,0.073,0.013,1.25889218629648e-168
"Gm14207",6.00921636859841e-173,6.0680826347091,0.024,0,1.50765229471765e-168
"9430015G10Rik",1.38954152867935e-172,3.92747646813477,0.039,0.003,3.48622074130363e-168
"Snora68",1.58375076575662e-172,7.48473975632092,0.023,0,3.9734722962068e-168
"Jph3",2.25529700251576e-172,4.9800481437725,0.024,0,5.65831464961179e-168
"Nkx2-3",2.28312694577606e-172,-6.05679369992305,0.007,0.143,5.72813719425756e-168
"Mtr",2.78964445624753e-172,5.07584527020102,0.028,0.001,6.99893897627942e-168
"Zc3h12c",4.42254268983138e-172,3.62170892815569,0.038,0.003,1.1095717354518e-167
"Llgl1",5.30159281002334e-172,1.36913036118633,0.147,0.048,1.33011662010676e-167
"Rnf144a",6.95412286881082e-172,-3.59485912917361,0.029,0.177,1.74471988655595e-167
"Zfp935",7.84620193012115e-172,7.72533583429377,0.024,0,1.96853360224809e-167
"Plcxd1",8.06841128765377e-172,2.48650720094599,0.031,0.001,2.02428370795945e-167
"Atp11a",1.11063071473605e-171,1.28622807810784,0.151,0.049,2.78646140020128e-167
"Atp2b4",1.64680386398992e-171,-3.08120001584689,0.053,0.208,4.1316662143643e-167
"Elmo2",1.7417386286081e-171,1.46281677756212,0.152,0.05,4.36984804531486e-167
"Usp15",2.04400315133539e-171,1.00998719179954,0.144,0.045,5.12819950638535e-167
"A130010J15Rik",2.83087531734624e-171,2.0374239301345,0.088,0.019,7.10238308368998e-167
"Igip",4.04355936201548e-171,9.2686317041754,0.023,0,1.01448860833606e-166
"Samd12",5.60077686988917e-171,1.35549069783279,0.084,0.018,1.40517890888649e-166
"Ankrd37",9.47946664872604e-171,1.5096628111338,0.172,0.062,2.37830338749888e-166
"2610015P09Rik",9.62642630480642e-171,6.97115908414507,0.023,0,2.41517409561288e-166
"D330023K18Rik",9.62995012404669e-171,7.03495716979638,0.023,0,2.41605818662208e-166
"Mill2",1.27503186035063e-170,1.31188981951643,0.107,0.028,3.19892743443371e-166
"Smagp",2.03674428758864e-170,-1.26516843732214,0.312,0.471,5.10998774313115e-166
"Nup160",2.53343381828265e-170,2.11813684035368,0.073,0.013,6.35613210668935e-166
"Naprt1",4.36897770912438e-170,9.05631551387154,0.023,0,1.09613281744222e-165
"Slc25a30",9.37509263793133e-170,5.98584863466504,0.026,0,2.35211699193059e-165
"Rp2h",1.27180279643213e-169,8.37524300058334,0.024,0,3.19082603596856e-165
"Scn1b",1.58803741666615e-169,-4.08014873686118,0.019,0.161,3.98422707467371e-165
"Shank1",2.62677946543292e-169,3.44076143681802,0.027,0.001,6.59032700082464e-165
"Mgea5",4.2258776839924e-169,1.05467261951507,0.221,0.091,1.06023045213685e-164
"Gm3414",4.30026118295432e-169,11.4191249876163,0.022,0,1.07889252819141e-164
"Hist2h2bb",1.08655261707114e-168,6.37431805562727,0.022,0,2.72605186096978e-164
"1110054M08Rik",1.11402176547923e-168,8.58434433892541,0.022,0,2.79496920741085e-164
"Dnajc10",2.08242353340824e-168,1.03992643696498,0.264,0.121,5.22459240296794e-164
"Tmem170",3.47721028681338e-168,7.27174654626301,0.024,0,8.7239728885861e-164
"Snx10",6.0325485599596e-168,1.29236541193974,0.149,0.049,1.51350610820827e-163
"Pcolce",8.64915601555652e-168,-1.46475287493681,0.031,0.183,2.16998675274298e-163
"Fam196a",1.0999955571944e-167,10.3716434214793,0.022,0,2.75977885344504e-163
"Lyst",3.45355649758906e-167,3.03330193659192,0.044,0.004,8.6646278968012e-163
"Prkcd",3.64992117878807e-167,1.59477481091389,0.114,0.032,9.15728724546138e-163
"Dcaf7",7.13223533654458e-167,1.1029520615061,0.205,0.081,1.78940652358567e-162
"Angel1",7.41531562892072e-167,3.83582282260497,0.034,0.002,1.86042853813992e-162
"Slc37a3",1.01759604532753e-166,1.68535148256324,0.119,0.034,2.55304671812225e-162
"Rorb",2.28573192062359e-166,3.10954123087447,0.04,0.003,5.73467281565252e-162
"Hoxa5",2.50701467417907e-166,-11.6272636571566,0,0.127,6.28984911604788e-162
"Myo9a",2.71523160121422e-166,1.38242120514222,0.128,0.038,6.81224456428635e-162
"Exoc6",4.47325098903293e-166,1.2559984163836,0.182,0.069,1.12229394063847e-161
"Btnl9",5.18335676107889e-166,-10.3124487701725,0.002,0.13,1.30045237778708e-161
"Timp4",6.00443889791763e-166,-8.18009252942999,0.009,0.141,1.50645367509855e-161
"Ptgs2",1.65450294025171e-165,3.85726065045603,0.049,0.006,4.15098242679751e-161
"Ccdc82",2.18523144326908e-165,1.28918408848374,0.09,0.021,5.4825271680178e-161
"Ddah2",2.53219741622921e-165,-1.38444416450829,0.254,0.421,6.35303009757746e-161
"Rbm20",8.18689108205925e-165,9.15102667639431,0.023,0,2.05400910357785e-160
"Tmem154",2.32371325771404e-164,3.3924893250893,0.037,0.003,5.82996419227876e-160
"Farsb",2.76212621010432e-164,1.30413106237088,0.208,0.086,6.92989844853072e-160
"Cyr61",4.92773013516659e-164,1.09840711049288,0.418,0.246,1.23631821361195e-159
"Cyb5d1",7.48430738013898e-164,3.22852521818665,0.026,0.001,1.87773787860307e-159
"Tbx4",9.84697988537565e-164,8.6770732023009,0.022,0,2.4705087834419e-159
"Rhbdf1",1.47112349134316e-163,1.2308833855274,0.153,0.052,3.69090172743086e-159
"Esm1",1.50346260536756e-163,-6.96120425313222,0.009,0.14,3.77203733060668e-159
"Acnat1",1.90410673022709e-163,8.16507527091742,0.028,0.001,4.77721337546674e-159
"Sort1",3.99660708563777e-163,1.80223503592046,0.097,0.024,1.00270875171566e-158
"Npff",4.07218473660648e-163,7.81758134421573,0.023,0,1.0216704285672e-158
"Anxa4",5.13343525193877e-163,1.1661682158118,0.235,0.104,1.28792757035892e-158
"Nos1",1.26385418480105e-162,6.61406907954859,0.026,0.001,3.17088376424736e-158
"Tcf23",2.47730778667921e-162,9.68373315428784,0.022,0,6.21531750599947e-158
"Prepl",5.90679117371349e-162,5.11408480290103,0.028,0.001,1.48195483757298e-157
"Wdr48",6.25174331762017e-162,1.23267355835802,0.147,0.049,1.56849988095772e-157
"Cyp2d22",7.38894383715214e-162,1.0686168502814,0.263,0.122,1.8538121193031e-157
"Gm16039",1.0440925885101e-161,8.32155803444025,0.022,0,2.619523895313e-157
"Epg5",1.7271475969452e-161,1.65621179106002,0.055,0.008,4.33324060597582e-157
"1110037F02Rik",2.07233335651479e-161,1.58359995923178,0.144,0.048,5.19927715815995e-157
"B4galnt1",2.41468958681897e-161,3.69534504761782,0.029,0.001,6.05821470437011e-157
"Serpinb1a",2.43289286462766e-161,-3.72756729997677,0.042,0.186,6.10388490806434e-157
"Gtf2a1",2.48273404936899e-161,1.33929337122394,0.092,0.022,6.22893145646185e-157
"Acer2",3.0211786636826e-161,1.03194465638852,0.383,0.211,7.57983514931327e-157
"Emp1",3.79549856748203e-161,-2.45148613482607,0.071,0.228,9.52252635595567e-157
"Gm12216",5.2420784915557e-161,-2.95098200349249,0.111,0.269,1.31518507274641e-156
"Cyp26b1",9.48680938865785e-161,-5.89134824460117,0.008,0.137,2.38014560752037e-156
"Hotairm1",9.69835829805621e-161,-9.53287381814495,0.001,0.125,2.43322111339932e-156
"Adam22",1.22850921144711e-160,4.45242133104786,0.034,0.002,3.08220676059966e-156
"Atxn7l1.2",1.38343747789995e-160,8.07008277223927,0.022,0,3.47090628830318e-156
"Wdr8",1.4261508517923e-160,6.93128561172162,0.022,0,3.57806987206169e-156
"Myrip",2.25915114384373e-160,2.1543154109152,0.069,0.013,5.66798430478953e-156
"Mx2",2.63340480309359e-160,6.57564558444604,0.024,0,6.6069493104815e-156
"Ino80dos",3.43203901805011e-160,3.15354182419976,0.033,0.002,8.61064269238593e-156
"Jam3",3.68436649399101e-160,-2.90145330070458,0.056,0.205,9.24370709677405e-156
"5330426P16Rik",4.8839832262482e-160,7.90135115606197,0.022,0,1.22534255163341e-155
"Pvrl2",4.97164255366173e-160,-2.82183377993653,0.051,0.2,1.24733540028819e-155
"Camkmt",7.07371567930207e-160,5.61638101508519,0.026,0.001,1.7747245267801e-155
"Hcfc1",1.00311578683548e-159,1.02992565903799,0.183,0.069,2.51671719759153e-155
"2810410L24Rik",3.07337593592152e-159,8.37580739159259,0.021,0,7.71079288563351e-155
"Sft2d2",3.23312197879318e-159,1.09042629510215,0.196,0.078,8.11157973259422e-155
"Pfkfb2",3.57977852640063e-159,6.20504246305526,0.027,0.001,8.98130634488655e-155
"C1qtnf9",8.20384666133934e-159,-3.41746489979425,0.063,0.21,2.05826308886343e-154
"Sftpc",1.67084076536754e-158,-14.5489640226955,0.001,0.122,4.19197239623061e-154
"Tgfb1",1.69376620980434e-158,-1.29338090258709,0.293,0.452,4.24949004377811e-154
"Atg12",1.78914493792033e-158,1.25247865796071,0.221,0.096,4.48878573474831e-154
"Hsd17b4",2.64953017625133e-158,1.26191891048664,0.226,0.1,6.64740625919696e-154
"Ccnd2",2.75515368890243e-158,-1.37343200920542,0.201,0.377,6.91240509008731e-154
"Itprip",4.24875383029135e-158,8.42347415395319,0.022,0,1.0659698484818e-153
"Gjc1",1.26636432481949e-157,1.07768437353457,0.211,0.089,3.17718145453962e-153
"Snx11",4.51110900659492e-157,1.0379538969191,0.178,0.068,1.1317921386646e-152
"Rftn1",7.37377153205607e-157,-2.84885358145223,0.041,0.185,1.85000553967755e-152
"Ace",9.55937113627348e-157,-3.16632094046196,0.088,0.236,2.39835062437965e-152
"Ap3d1",1.90409092105749e-156,1.00704916043619,0.19,0.074,4.77717371184113e-152
"Dnah2",5.08012707456846e-156,9.09520893802355,0.021,0,1.27455308173848e-151
"Pin1rt1",1.22091677381254e-155,5.45192384221559,0.021,0,3.06315809381827e-151
"Mir1982",1.39886954007647e-155,4.50665282737465,0.024,0.001,3.50962378909785e-151
"Ptpn18",3.40475951546268e-155,-2.8953428326386,0.066,0.213,8.54220114834431e-151
"Zfp712",7.90020000600774e-155,5.64091722958676,0.023,0,1.98208117950728e-150
"Mir7092",1.29801574316793e-154,5.33864977985463,0.021,0,3.25659169803402e-150
"Stab1",1.33568248817565e-154,-2.45441507167088,0.159,0.308,3.35109379458389e-150
"Erap1",1.67596746839594e-154,1.44673399466282,0.161,0.059,4.20483478145858e-150
"Tprkb",2.05478740474104e-154,1.4236293138868,0.14,0.048,5.15525611975478e-150
"Egflam",2.44409877964488e-154,2.33225318827308,0.073,0.015,6.13199942825104e-150
"Xxylt1",1.10873413404608e-153,3.91803431754274,0.034,0.002,2.78170306890821e-149
"Ahr",1.18550391820057e-153,-2.97798988362074,0.037,0.177,2.9743107803734e-149
"4933439C10Rik",1.92253609213198e-153,6.04396148921539,0.028,0.001,4.82345080154992e-149
"Irf6",2.15781697765131e-153,3.24525405956581,0.044,0.005,5.41374701522938e-149
"Cutal",2.25130503194614e-153,3.08639716013053,0.053,0.008,5.64829919464966e-149
"Rps6ka5",3.33783613009072e-153,6.5428777185865,0.023,0,8.3742970667846e-149
"Calcoco1",4.73666606991687e-153,1.02992385841857,0.168,0.063,1.18838215028144e-148
"Cmtm3",8.70995202299722e-153,-1.98778358668655,0.098,0.256,2.18523986304977e-148
"Gm8730",2.5779880359738e-152,-1.18430346656514,0.272,0.444,6.46791418345467e-148
"Gmfg",3.30842135686923e-152,-8.81597404077585,0.004,0.123,8.3004983422492e-148
"2810002D19Rik",3.34703626141126e-152,10.7400118987359,0.02,0,8.39737927625471e-148
"Pef1",1.14205240353739e-151,1.10028728533568,0.245,0.115,2.86529527523495e-147
"Heatr1",1.26792576499005e-151,4.7047694751562,0.025,0.001,3.18109895178354e-147
"Slc25a27",1.47885812052644e-151,5.23167801862079,0.024,0,3.71030713858878e-147
"Prkaa1",1.52135598227129e-151,1.20741339808709,0.143,0.049,3.81693002392043e-147
"Atl2",5.41329733474861e-151,1.30513664817721,0.139,0.047,1.35814216831508e-146
"Atp13a5",6.5156636173929e-151,3.76828880950911,0.022,0,1.63471484496771e-146
"Calml4",9.31011450723717e-151,-7.00995559455382,0.006,0.126,2.33581462872073e-146
"Naa60",1.06163754662925e-150,1.38272659438907,0.208,0.091,2.66354244073813e-146
"Cxcl10",1.34777782475261e-150,-4.93031375890772,0.011,0.134,3.38143978452183e-146
"4930594C11Rik",1.63385487862903e-150,7.09518809372196,0.022,0,4.09917850499238e-146
"Per2",5.61011203635422e-150,3.21572191881423,0.039,0.004,1.40752100880091e-145
"Gm16861",6.90369345293374e-150,2.91130308786079,0.031,0.002,1.73206765040655e-145
"Fam72a",8.26011688881453e-150,2.92549589913595,0.041,0.004,2.07238072623468e-145
"9930104L06Rik",8.73264424788302e-150,5.59834271283755,0.026,0.001,2.19093311535137e-145
"Surf4",1.08501027307785e-149,1.10954675018602,0.292,0.15,2.72218227412503e-145
"Nbeal2",1.38699895984868e-149,1.23205094467993,0.097,0.025,3.47984169036436e-145
"Col13a1",1.61635200643186e-149,-10.0418861368972,0.003,0.12,4.05526554893688e-145
"Tspan8",1.79841863135833e-149,-7.75357934398908,0.004,0.122,4.51205250421491e-145
"Atp11b",2.22498150972477e-149,1.10129906154088,0.16,0.059,5.58225610974847e-145
"Lnpep",2.99664914461241e-149,1.90170612587288,0.068,0.013,7.51829303891809e-145
"Tgm4",3.70086535213298e-149,7.15753790544525,0.022,0,9.28510108196644e-145
"Tnfrsf14",4.61290590509366e-149,7.82747691169541,0.021,0,1.15733196252895e-144
"Npr1",5.30908631930875e-149,-1.88458879943195,0.152,0.308,1.33199666665137e-144
"Ercc6",6.27081183831143e-149,2.40350592300618,0.047,0.006,1.57328398211395e-144
"Prkab1",1.18916589887857e-148,1.03386434675732,0.269,0.132,2.98349832369644e-144
"Gm6623",1.30828256787221e-148,5.84283953416615,0.02,0,3.28235013453459e-144
"Orc3",1.62082334828004e-148,1.66601777362406,0.114,0.034,4.06648369849978e-144
"Cfh",2.25858204653339e-148,1.23017207082999,0.167,0.064,5.66655649654762e-144
"Zfp7",5.00612276318067e-148,6.73145889914144,0.022,0,1.2559861400544e-143
"F5",5.57521312466927e-148,11.0074993120868,0.019,0,1.39876522084827e-143
"Ttn",7.70142710503798e-148,3.01524459297858,0.044,0.005,1.93221104638298e-143
"Zhx1",1.03131023325372e-147,1.51782044540557,0.158,0.059,2.58745424421025e-143
"Dsp",1.12181296719692e-147,9.95214613535867,0.021,0,2.81451655340034e-143
"Impact",1.56820657779058e-147,1.01052125225438,0.158,0.058,3.93447348301878e-143
"Emilin1",2.01877353699886e-147,-3.22147722818146,0.019,0.145,5.06490092697645e-143
"Fgf4",2.10243317348465e-147,1.27318062948902,0.021,0,5.27479458895564e-143
"Heca",2.1557172424137e-147,4.89214602498659,0.024,0.001,5.40847898949174e-143
"Lrrc39",2.40986092896342e-147,3.48652122493095,0.024,0.001,6.04610008467634e-143
"Rap1gds1",3.34019759396301e-147,1.13733102347328,0.217,0.095,8.38022174349381e-143
"Mxi1",5.5711049386881e-147,1.24509758008621,0.158,0.059,1.39773451806746e-142
"Pcdhga10",5.94630612892014e-147,2.9769997260777,0.039,0.004,1.49186874468477e-142
"Heatr2",7.5858953076092e-147,7.99870824866345,0.02,0,1.90322527372607e-142
"Chka",1.24939377347017e-146,1.24743971010497,0.175,0.07,3.13460403825932e-142
"Snora81",1.96624300854498e-146,4.4223890550738,0.022,0,4.93310708413851e-142
"Pdk2",2.73253673870398e-146,1.74274534886775,0.106,0.031,6.85566142373441e-142
"Atp11c",4.14947687805745e-146,1.01613585793543,0.154,0.056,1.04106225393583e-141
"Ccdc17",8.89900389065448e-146,7.6160072074625,0.021,0,2.2326710861263e-141
"Gm7102",9.57199437080512e-146,5.31134300216518,0.021,0,2.4015176676913e-141
"AA465934",1.00154917179215e-145,2.5559250324658,0.046,0.006,2.51278671710933e-141
"Nr2f2",1.40399995540916e-145,-2.77216880977844,0.096,0.239,3.52249548812604e-141
"Mettl4",2.25055447377449e-145,5.85996299855803,0.021,0,5.64641611925281e-141
"Cnbd2",2.29414209505581e-145,1.16004675006423,0.042,0.005,5.75577310228552e-141
"Gulp1",3.31106603570129e-145,1.12091411060863,0.119,0.037,8.30713357697096e-141
"Igfbp5",4.23576574630023e-145,-5.68914639169748,0.018,0.142,1.06271126808926e-140
"Tmem35",5.485787486439e-145,-11.9373128520976,0,0.112,1.37632922247268e-140
"Dnajc27",9.90457820047684e-145,3.45059134266157,0.037,0.003,2.48495962471763e-140
"Gm15663",1.07197478282685e-144,6.54696985350431,0.022,0,2.6894775326343e-140
"Lor",1.51407379947017e-144,2.44159343647596,0.037,0.003,3.7986597554907e-140
"Cmip",6.29212332274006e-144,-2.64126864552376,0.049,0.187,1.57863082044225e-139
"Ulk1",7.08044997556933e-144,1.14765623973456,0.125,0.04,1.77641409437059e-139
"4930556M19Rik",7.29351156444944e-144,8.96625449741795,0.021,0,1.82986911640472e-139
"Fam45a",8.82092831418664e-144,1.36680060260409,0.152,0.056,2.21308270474629e-139
"Spc25",9.80011317238647e-144,7.76453861087562,0.02,0,2.45875039382004e-139
"Snx13",1.00262283131194e-143,1.37095910515194,0.157,0.059,2.51548042147853e-139
"Gm4532",2.35861364416293e-143,8.6726896841728,0.019,0,5.91752577184036e-139
"Pcdhgb2",5.54314978765122e-143,3.13871055932527,0.038,0.004,1.39072085022381e-138
"Nfib",7.92574173635372e-143,-1.19121586344257,0.441,0.533,1.98848934423379e-138
"Urb1",8.8333579956969e-143,2.82109166897009,0.039,0.004,2.2162011875404e-138
"Mtmr9",9.83649174570242e-143,2.02634336514422,0.058,0.01,2.46787741407928e-138
"2700054A10Rik",2.36784587859281e-142,10.4516433692245,0.019,0,5.94068852480149e-138
"Dapk2",2.52985520964975e-142,-5.92320030240976,0.006,0.12,6.34715373549026e-138
"Pot1a",4.78312663259693e-142,1.57973051565252,0.113,0.035,1.20003864085224e-137
"Pxdn",5.28416996694836e-142,-3.31592646292816,0.026,0.153,1.32574540300767e-137
"Gars",5.36418335108244e-142,1.01635757465817,0.267,0.135,1.34581996095307e-137
"5530601H04Rik",6.61851886784271e-142,5.20891744795702,0.025,0.001,1.66052019875306e-137
"Efhd1",7.40594799839121e-142,-3.10341552602409,0.029,0.157,1.85807829331637e-137
"Dancr",7.5613460845955e-142,5.06631475935676,0.023,0.001,1.89706611916416e-137
"Ednrb",2.42722908611441e-141,-4.4095299969769,0.017,0.138,6.08967505415244e-137
"9430008C03Rik",3.1943360748381e-141,7.67730604006458,0.019,0,8.01426977816131e-137
"Manr",6.04299763019573e-141,10.321290109098,0.019,0,1.51612767543981e-136
"Xrcc3",8.07434052162871e-141,7.17954270572598,0.021,0,2.02577129347143e-136
"Meox1",1.09032520206871e-140,-2.10291208968444,0.064,0.206,2.73551689947018e-136
"Mir7117",1.54074983890703e-140,5.10809195204473,0.019,0,3.86558727083384e-136
"S100a11",3.07153565607652e-140,-1.16171658309151,0.537,0.595,7.70617580753039e-136
"Lingo4",3.75263934816362e-140,5.61004394574894,0.019,0,9.41499686060771e-136
"Tdrd7",4.20626042147459e-140,1.06755345031693,0.156,0.058,1.05530867714376e-135
"Gm12002",6.39605097133203e-140,-11.7680064483481,0,0.108,1.60470522819749e-135
"Kctd7",6.78971317320014e-140,3.72557218214717,0.03,0.002,1.70347113802418e-135
"Rnf123",8.80579204977144e-140,1.17849966965165,0.091,0.024,2.20928516736716e-135
"Fam115c",1.54206499984064e-139,10.7404618186976,0.018,0,3.86888687810019e-135
"Arid3b",1.80018610814069e-139,2.51279020569968,0.055,0.009,4.51648692671419e-135
"Top3a",3.13604896310678e-139,5.99602885977698,0.021,0,7.86803324353861e-135
"Ppp2r1b",3.81400957458861e-139,1.45475588614561,0.096,0.027,9.56896862168536e-135
"Lancl1",4.07634595775937e-139,1.27044111665684,0.138,0.049,1.02271443734225e-134
"Tvp23a",4.2560464209669e-139,3.72784778332911,0.027,0.001,1.06779948655639e-134
"Il17rd",5.87315076852919e-139,1.70332543645515,0.086,0.022,1.47351479631629e-134
"Rbl1",1.0931403365781e-138,1.31952242388541,0.079,0.019,2.74257979044079e-134
"Rasa4",2.82247835775813e-138,-8.06847816333676,0.006,0.118,7.08131595177938e-134
"4930599N23Rik",5.37856831386843e-138,6.13179448339478,0.021,0,1.34942900426645e-133
"Psmd1",6.6505400460374e-138,1.02979050343176,0.309,0.166,1.66855399215032e-133
"Vps51",1.01072502674713e-137,1.4976682568041,0.091,0.025,2.53580801960587e-133
"Mir6956",1.02182947157609e-137,4.94520620894445,0.018,0,2.56366796123724e-133
"Nap1l3",1.05424453193128e-137,3.39387820246831,0.036,0.004,2.6449941061624e-133
"Eps15l1",1.46369912590502e-137,1.25261693345106,0.123,0.041,3.6722747369831e-133
"Bhlhe41",1.70805397878979e-137,2.47335145455751,0.053,0.009,4.28533662738572e-133
"Pan2",2.00519884022842e-137,1.49356577117115,0.105,0.032,5.03084337024909e-133
"Abhd5",2.1150697949179e-137,1.21104776757973,0.191,0.082,5.30649860846953e-133
"A430090L17Rik",2.39239402068156e-137,8.38482722339704,0.019,0,6.00227735848797e-133
"Pde7b",2.39373620069599e-137,1.01662921155907,0.065,0.013,6.00564475392617e-133
"Tppp3",2.55022313289556e-137,-2.64304727226011,0.073,0.212,6.39825481812168e-133
"Gnb5",2.61005699155523e-137,5.38276188813848,0.028,0.002,6.54837198611292e-133
"C1qtnf4",2.83284447274102e-137,1.56799961919222,0.04,0.004,7.10732349765995e-133
"Ankrd2",5.90406637830425e-137,-10.5470060814703,0.001,0.107,1.48127121365275e-132
"Mir1668",7.80466286868592e-137,1.8788240922814,0.03,0.002,1.95811186712461e-132
"Zfp866",1.00732325821631e-136,2.70617147171844,0.066,0.014,2.52727332253891e-132
"Fbxl7",1.0745071824154e-136,5.60825759608036,0.02,0,2.695831069962e-132
"Gosr2",1.25365882514945e-136,1.03213102211153,0.281,0.146,3.14530462641746e-132
"Tpgs2",1.50925752523939e-136,1.00559197187464,0.222,0.103,3.78657620507312e-132
"Sgk1",1.52225576502596e-136,-1.23533206291713,0.434,0.544,3.81918748887363e-132
"Zdhhc24",1.61899416003004e-136,2.25170964962947,0.056,0.01,4.06189444809936e-132
"Agbl5",1.83685481289572e-136,2.88122754379425,0.046,0.006,4.60848504007406e-132
"Gm10649",2.62027459166784e-136,5.33784149494475,0.018,0,6.57400692303545e-132
"Ptar1",2.67308156829212e-136,2.6457723435209,0.049,0.008,6.70649434668809e-132
"Tmem256",4.16125026568549e-136,-1.17759370185248,0.428,0.522,1.04401607915783e-131
"Ripply3",8.63886430141302e-136,-2.63489314002577,0.059,0.193,2.16740466458151e-131
"Mir3076",1.19810981463298e-135,2.71143813151541,0.028,0.002,3.00593771393267e-131
"Zbed6",1.34216834186175e-135,2.39859572400592,0.039,0.005,3.36736615289696e-131
"Nsmf",2.12818089067705e-135,1.09655296129181,0.129,0.044,5.33939303661964e-131
"Fam120c",2.17654395428235e-135,5.55728896278186,0.023,0.001,5.46073112689898e-131
"Dph1",2.48692003831357e-135,3.96977691697401,0.025,0.001,6.23943368412492e-131
"Col15a1",2.61433240249043e-135,-3.24028268752556,0.018,0.136,6.55909856460824e-131
"Lrba",3.36958756611792e-135,1.51612145999037,0.089,0.024,8.45395824463324e-131
"A830080D01Rik",3.94968889946e-135,1.53952658712486,0.086,0.023,9.90937447985518e-131
"Zfp955b",4.34526223421522e-135,8.4766354955695,0.021,0,1.09018284194226e-130
"Jak2",1.05440888688191e-134,1.34757052748103,0.119,0.039,2.64540645629802e-130
"Slc35f5",1.75427889418899e-134,1.27736356737827,0.19,0.082,4.40131031763075e-130
"Pdzk1",2.18142264922608e-134,7.33233339521314,0.019,0,5.47297128464332e-130
"Gipc3",3.35924494928532e-134,7.47950991402422,0.018,0,8.42800965326193e-130
"Rras2",3.50403605717249e-134,1.12849799804752,0.19,0.082,8.79127606384005e-130
"Odf3l1",3.58476160804774e-134,2.93424861171408,0.023,0.001,8.99380839843099e-130
"Edc4",3.64641562301726e-134,1.27930983789773,0.122,0.041,9.14849215658799e-130
"Gstm5",1.11501848408239e-133,1.18491057682552,0.148,0.056,2.7974698747143e-129
"Slco1b2",1.65278139594745e-133,9.52607539776389,0.018,0,4.14666324429257e-129
"LOC106740",1.66882723509705e-133,8.92205824138489,0.018,0,4.18692065013498e-129
"4930581F22Rik",1.85759295063601e-133,5.3800814463799,0.025,0.001,4.66051495385069e-129
"Ptpdc1",1.93076628185978e-133,3.7428262200291,0.031,0.002,4.84409952455801e-129
"Grsf1",2.09942426298698e-133,1.44157293034314,0.144,0.054,5.26724553340803e-129
"Tymp",3.18965838906439e-133,3.04916920642949,0.025,0.001,8.00253393232365e-129
"Bap1",3.4843624051747e-133,1.34726485110301,0.149,0.057,8.74191683834281e-129
"Etohi1",3.90396065820039e-133,9.0380174637575,0.018,0,9.79464689535895e-129
"Bgn",7.94261700419916e-133,-1.03416651000029,0.073,0.216,1.99272318018353e-128
"Usp47",8.5912906042895e-133,1.2082817601255,0.161,0.064,2.15546889971019e-128
"Wnt2",8.73049154163084e-133,-7.14557193559785,0.005,0.112,2.19039302287976e-128
"Elk3",1.88254443770768e-132,-1.14478073558541,0.468,0.543,4.7231157397648e-128
"Sprtn",2.06725432683905e-132,7.97651692228421,0.02,0,5.1865343806065e-128
"Gm15545",2.45118550824122e-132,1.1356362975011,0.032,0.003,6.1497793216264e-128
"Dnah17",2.49318844738287e-132,3.85843621108269,0.025,0.001,6.25516049563888e-128
"F8",3.84219232726238e-132,-6.53005286214663,0.003,0.108,9.63967632986859e-128
"Zfp790",4.30627949844106e-132,2.75562278752134,0.043,0.006,1.08040246336388e-127
"Sema3d",6.89132173020157e-132,-7.27625835057186,0.005,0.111,1.72896370889027e-127
"Loh12cr1",9.97111611170404e-132,8.64508849648242,0.018,0,2.50165332126543e-127
"4921511C10Rik",1.00778579278015e-131,7.62481956990956,0.018,0,2.52843377550613e-127
"Agap2",1.21869543271214e-131,3.66417723145208,0.025,0.001,3.05758497113148e-127
"Neo1",1.25318231177005e-131,1.66818958885266,0.076,0.019,3.14410910199988e-127
"Phlda3",1.65470326479592e-131,-2.04242006581947,0.059,0.193,4.15148502104649e-127
"Fbxl6",1.67872456543701e-131,1.09709996248603,0.136,0.049,4.21175206222492e-127
"A230072C01Rik",2.10834103911851e-131,9.40120288244426,0.018,0,5.28961683304442e-127
"LOC101056043",2.19104633367916e-131,7.58306858262393,0.018,0,5.49711614656765e-127
"8430419L09Rik",8.00282273321761e-131,7.73345365291665,0.018,0,2.00782819553697e-126
"Pcyox1",8.16018658622659e-131,1.27127912105124,0.161,0.064,2.04730921261839e-126
"2310010J17Rik",1.30003630646128e-130,4.16498209540907,0.023,0.001,3.26166108928071e-126
"Snord37",1.42240952935993e-130,5.56660242320228,0.019,0,3.56868326821113e-126
"Hells",1.49013311215155e-130,3.25859303725387,0.034,0.003,3.73859496507701e-126
"Ehd3",2.10202979131235e-130,-4.17214528568733,0.061,0.187,5.27378254342355e-126
"Sap130",2.17189849273847e-130,1.22006035839575,0.08,0.02,5.44907612843156e-126
"Gimap5",2.8333547138172e-130,-1.63184182390794,0.211,0.35,7.10860364149596e-126
"Gm14005",3.63057208965069e-130,5.93443946311331,0.019,0,9.10874231572463e-126
"Mdfic",4.08525915898672e-130,-2.54454100184765,0.053,0.183,1.02495067039818e-125
"Zbtb9",1.16013077408695e-129,5.7912928129448,0.021,0.001,2.91065209910674e-125
"Wnk2",1.49611330422114e-129,5.00862098690687,0.021,0.001,3.75359866896041e-125
"Rab3gap2",2.51623405041321e-129,1.1454757022008,0.122,0.042,6.31297960908171e-125
"Acaa1b",2.76445839090882e-129,6.08024052876971,0.017,0,6.93574965695114e-125
"AI450353",2.76754061202636e-129,9.29115109612,0.017,0,6.94348264151294e-125
"Slc22a5",3.22074078781692e-129,1.40335573061751,0.106,0.033,8.08051656255388e-125
"Cdc23",4.67444524676521e-129,1.25422263911239,0.156,0.062,1.17277156796092e-124
"Hecw2",5.51701926752144e-129,-6.56152574886724,0.006,0.111,1.38416496402845e-124
"Snhg7",6.54487931513913e-129,7.37710165644827,0.017,0,1.64204477137526e-124
"Sec16a",9.8033613222494e-129,1.20621014611281,0.125,0.044,2.45956532213915e-124
"Insl3",1.40083209892391e-128,5.92854892066973,0.018,0,3.51454765299021e-124
"Bik",1.55925524673442e-128,-3.30850792897211,0.03,0.148,3.91201548853198e-124
"Slc35e2",1.94598983442965e-128,1.52147744325883,0.07,0.016,4.88229389560056e-124
"Cables1",2.37885626864988e-128,1.62153129310649,0.081,0.021,5.96831249241569e-124
"Zxda",2.79822300996483e-128,7.68275773421437,0.018,0,7.02046170970076e-124
"St3gal4",5.14635959904656e-128,-1.9313224028016,0.069,0.206,1.29117015980479e-123
"Papolb",7.20602243658457e-128,4.17818310499063,0.017,0,1.8079189691147e-123
"Klhl2",8.5975589953079e-128,1.09752240921405,0.131,0.047,2.1570415763328e-123
"Tmem255b",1.01533866070518e-127,-6.54229168781712,0.007,0.111,2.54738316584323e-123
"Adgra2",1.1874559723152e-127,1.45535426897492,0.108,0.035,2.97920828894161e-123
"Frmd6",1.62901750152358e-127,1.18660833925079,0.115,0.038,4.08704200957251e-123
"Thada",2.99951475258167e-127,3.66876174497268,0.029,0.002,7.52548256275214e-123
"Stard10",3.1430912465246e-127,2.03125349303484,0.047,0.008,7.88570162840557e-123
"Fam203a",3.42862155634298e-127,10.3871125654776,0.017,0,8.60206862270891e-123
"C230091D08Rik",3.57590416040856e-127,7.98815126207889,0.017,0,8.97158594804904e-123
"Hyi",4.21647418228739e-127,3.14443753270499,0.027,0.002,1.05787120759408e-122
"B430010I23Rik",4.50285387554157e-127,4.9297767356425,0.025,0.001,1.12972100883462e-122
"Ankrd23",4.5563863435061e-127,5.01980077468253,0.021,0.001,1.14315176972225e-122
"Helq",5.2053984751798e-127,7.40604929555792,0.019,0,1.30598242343786e-122
"Calu",5.37154667309408e-127,1.00160210253102,0.389,0.241,1.34766734481257e-122
"Pfas",8.25222615559049e-127,1.09639861523517,0.078,0.02,2.0704010201761e-122
"Braf",8.65680661900306e-127,1.10339464403576,0.133,0.048,2.17190621264168e-122
"Ccna2",1.00502170489119e-126,3.96440129786321,0.023,0.001,2.52149895540152e-122
"Fmo1",1.2566301221323e-126,-2.09420594811433,0.106,0.243,3.15275931341772e-122
"Cxadr",1.78830875793568e-126,8.87865792281357,0.017,0,4.48668784278483e-122
"Sec24d",3.4667238678986e-126,1.46058479903938,0.11,0.036,8.69766351217079e-122
"Gm10336",4.2262653249796e-126,8.35892651474524,0.017,0,1.06032770738413e-121
"Hoxa7",5.67280750605703e-126,-6.1622225339498,0.004,0.106,1.42325067519465e-121
"Tubgcp6",9.08623771974632e-126,1.42774411740545,0.046,0.007,2.27964618150715e-121
"Nsmaf",2.33399078758059e-125,1.1281333845934,0.12,0.041,5.85574948696095e-121
"Rsph3b",2.43128097679742e-125,4.43630376340664,0.02,0,6.09984084268705e-121
"Usp46",2.9019354543502e-125,1.0685622241972,0.149,0.058,7.2806658614192e-121
"Mon2",8.41001483352102e-125,1.08487297269499,0.138,0.051,2.10998862158209e-120
"Dclre1c",9.48755020126429e-125,6.42456484897058,0.022,0.001,2.3803314699952e-120
"Ints9",1.08648980843831e-124,1.34392283487595,0.107,0.035,2.72589428039087e-120
"Gm6194",1.09780825972446e-124,5.33507004207633,0.017,0,2.75429114282269e-120
"Irgm2",1.30757755654488e-124,1.36132582788647,0.175,0.075,3.28058133161545e-120
"Kantr",1.34568955099259e-124,1.9624933937951,0.039,0.005,3.3762005144853e-120
"Phgdh",1.3475958038883e-124,5.55581805336713,0.023,0.001,3.38098311237536e-120
"Brf1",2.12058396248633e-124,1.05022318554228,0.137,0.051,5.32033310348195e-120
"Gm10501",2.21283806948666e-124,8.6330030173796,0.017,0,5.55178943253509e-120
"Rttn",4.93587479996739e-124,6.88798231808118,0.019,0,1.23836162856382e-119
"Gm16982",6.30918370418394e-124,4.92274296198497,0.02,0.001,1.58291109954271e-119
"Chil5",1.15376019317429e-123,10.2141085056906,0.016,0,2.89466894865498e-119
"Gm5",1.16711440242633e-123,9.29109366908727,0.016,0,2.92817332424741e-119
"Prkg1",1.68978778113233e-123,2.5197931872982,0.032,0.003,4.23950856408291e-119
"Leprel4",2.29769446632246e-123,6.54174296485906,0.018,0,5.76468564655642e-119
"Jak1",3.48435331253109e-123,-1.42184449230545,0.197,0.341,8.74189402580926e-119
"Skap2",3.66029152068156e-123,-2.31720705754522,0.063,0.191,9.18330539623796e-119
"Tceanc",4.2479680366427e-123,5.09069945122121,0.021,0.001,1.06577270071329e-118
"Zfp518b",4.45440405968653e-123,9.57261213733851,0.018,0,1.11756543453475e-118
"Gm12504",5.66603697900285e-123,6.45424222120478,0.017,0,1.42155201766203e-118
"Lpcat3",6.00296680247833e-123,1.01783553891148,0.246,0.125,1.50608434107379e-118
"Tnfrsf1a",1.06549975156255e-122,-1.1605478924571,0.315,0.443,2.67323232669528e-118
"A730017L22Rik",1.1659628779484e-122,8.51430235601627,0.016,0,2.92528426448474e-118
"4933431E20Rik",1.37732694154227e-122,4.05352062453806,0.028,0.002,3.45557556363539e-118
"Sass6",2.13930353591821e-122,1.63924666164668,0.058,0.012,5.36729864126519e-118
"Gja4",4.02894331932866e-122,-1.82831356557234,0.13,0.268,1.01082158938637e-117
"Mrpl52",5.78285360737252e-122,-1.40017285512035,0.333,0.439,1.45086014155369e-117
"Map7",5.96362065941942e-122,2.05748935487765,0.052,0.009,1.49621278724174e-117
"Apeh",6.38153510394463e-122,1.2933272621173,0.115,0.039,1.60106334222867e-117
"Dgka",6.9793297058983e-122,1.23832734000183,0.139,0.053,1.75104402991283e-117
"Gm6787",7.01568315533335e-122,5.34254025174872,0.016,0,1.76016474684158e-117
"Uggt1",7.8133346807727e-122,1.12465811139477,0.163,0.068,1.96028753805906e-117
"Pla2g6",9.92428307940534e-122,1.48832185874005,0.059,0.012,2.48990338179201e-117
"Adk",1.2289388815619e-121,1.01615192532382,0.183,0.081,3.08328475995066e-117
"Tinf2",1.49498400118669e-121,1.88948168319181,0.068,0.016,3.75076536057728e-117
"4933407K13Rik",1.99127080542108e-121,3.62659690203197,0.018,0,4.99589932372095e-117
"Htatsf1",2.15466991469479e-121,1.26763934940217,0.169,0.072,5.40585134897776e-117
"Ttll5",4.14130119714857e-121,2.29132533852511,0.049,0.008,1.03901105735261e-116
"Pcdhgb5",7.37807975931873e-121,2.85808594111901,0.034,0.004,1.85108643081548e-116
"Stx1a",9.05939538046558e-121,1.54953713542449,0.078,0.021,2.27291170700501e-116
"Irf8",9.97172052902002e-121,-5.22343352832331,0.009,0.11,2.50180496352583e-116
"Mir6935",1.0215136131219e-120,3.14658642191627,0.021,0.001,2.56287550396154e-116
"Tmem88",1.41679874952619e-120,-1.46456333715509,0.352,0.445,3.55460638268627e-116
"Klhl6",1.6682539222706e-120,1.25111785416493,0.155,0.064,4.1854822655847e-116
"Csrnp2",3.10251087429747e-120,3.17736626614229,0.026,0.002,7.78388953252491e-116
"Tcea3",3.23352313009312e-120,2.60280900968776,0.037,0.005,8.11258618109063e-116
"Gm20481",3.60667265342855e-120,8.54273141359371,0.016,0,9.0487810201869e-116
"Uhrf1bp1",3.83115477635498e-120,3.8625372854785,0.028,0.002,9.61198421839701e-116
"Efnb1",5.41502244087875e-120,-2.17165204123066,0.113,0.245,1.35857498019207e-115
"Rnf103",5.49795739135025e-120,1.03700393342396,0.164,0.069,1.37938252991586e-115
"Nhej1",5.82052791096149e-120,5.70162073800097,0.018,0,1.46031224758113e-115
"Rtel1",6.96908268057722e-120,7.2227160313407,0.019,0,1.74847315373002e-115
"Gm6524",7.03405480989971e-120,5.90541375071198,0.017,0,1.76477401125574e-115
"Hoxb7",8.90824282451805e-120,-8.70447999187984,0.002,0.096,2.23498904224333e-115
"Stk24",9.47169931070029e-120,1.00151232099042,0.161,0.067,2.3763546400616e-115
"Degs1",1.48702387309067e-119,-1.2507194516006,0.276,0.414,3.73079419519718e-115
"Grhl1",2.28605060284345e-119,6.99292003889043,0.017,0,5.73547235747392e-115
"Dapk1",2.28856981239107e-119,1.80134492123581,0.074,0.019,5.74179280230796e-115
"Lancl3",3.48392038664403e-119,3.50803133536243,0.032,0.003,8.74080785805121e-115
"Ano10",3.5917582588414e-119,1.53028941976324,0.116,0.041,9.01136229560719e-115
"Ehd1",8.68821174423889e-119,-1.82357977450679,0.172,0.303,2.17978544451209e-114
"Hbb-y",9.20619915876185e-119,10.5654676216468,0.016,0,2.30974330694176e-114
"Trmt61b",1.23702527737042e-118,4.89761602464268,0.018,0,3.10357271839465e-114
"Tada2a",1.95858198377126e-118,1.90642901335289,0.072,0.018,4.91388633908372e-114
"Kit",2.27090168481598e-118,-5.19262573315042,0.005,0.102,5.69746523703482e-114
"Tfpi",2.51589304062529e-118,-2.61439806771373,0.121,0.25,6.31212404962478e-114
"Ddhd2",3.4913724267366e-118,1.06957948235343,0.098,0.031,8.75950428143946e-114
"Lyrm1",3.95876674037531e-118,1.96750201456929,0.071,0.018,9.93214987492761e-114
"Epb4.1l4a",4.95543014630594e-118,8.55796891658091,0.016,0,1.2432678694067e-113
"Dctn5",5.0041808113792e-118,1.03370016093372,0.212,0.102,1.25549892376693e-113
"Zfp97",6.91144201188359e-118,6.32308893709817,0.02,0.001,1.73401168636147e-113
"Cul4b",7.13287329392074e-118,1.76055932272128,0.069,0.017,1.78956658071177e-113
"Malt1",7.83577755983373e-118,1.81390623552563,0.055,0.011,1.96591823198668e-113
"Gosr1",1.00200189540755e-117,1.00311541994072,0.116,0.04,2.513922555388e-113
"Mir568",1.73129593198692e-117,6.40447180464176,0.017,0,4.34364836376198e-113
"1700025G04Rik",2.33790404431356e-117,-4.55785737733732,0.013,0.114,5.86556745677829e-113
"Tnfrsf12a",2.38630292336728e-117,1.08985485705914,0.146,0.059,5.98699540443618e-113
"3110052M02Rik",2.48036362619874e-117,7.36892791777297,0.016,0,6.22298430177003e-113
"Tnfsf13",3.54937666732665e-117,4.41979881087666,0.019,0.001,8.90503112065582e-113
"Klhdc9",3.95628667335065e-117,4.70879049676257,0.019,0,9.92592763476944e-113
"Gm20939",4.11869698790866e-117,7.59331180017693,0.019,0,1.0333398872964e-112
"Hoxb4",4.25550950713242e-117,-10.2946867895855,0,0.092,1.06766478024445e-112
"Gm20199",4.84581963039498e-117,6.31897333912891,0.016,0,1.2157676870698e-112
"Frs2",5.15490384826079e-117,1.31065512797668,0.058,0.012,1.29331382649015e-112
"Mfge8",8.84318645030866e-117,-1.07186859725293,0.312,0.441,2.21866704851794e-112
"1700018L02Rik",2.91009295851161e-116,5.87620443872152,0.016,0,7.30113222360979e-112
"Mrc1",3.01971273341722e-116,-10.6701657363929,0.003,0.096,7.57615727687046e-112
"Kdm4c",3.4920911999109e-116,1.29670658250818,0.106,0.035,8.76130761145645e-112
"Ap5b1",5.34304717065788e-116,7.70596275767299,0.017,0,1.34051710464636e-111
"Tpst2",5.6143128239027e-116,-1.04333767301623,0.355,0.474,1.40857494438895e-111
"Kifc2",5.67993023852752e-116,6.51934456364529,0.017,0,1.42503769754417e-111
"Casz1",5.78372645463546e-116,-6.769835488513,0.009,0.106,1.45107913020349e-111
"4930413G21Rik",5.95792352307404e-116,6.10920402674385,0.016,0,1.49478343270405e-111
"4931403G20Rik",6.08190775733908e-116,7.20679475064044,0.016,0,1.5258898372388e-111
"Mir7061",6.14597248038399e-116,4.85282581024181,0.016,0,1.54196303560354e-111
"Ppp2r5d",7.0596092066788e-116,1.18135999125909,0.137,0.053,1.77118535386365e-111
"Slc25a20",8.5857584988328e-116,1.19295631901125,0.141,0.056,2.15408094977216e-111
"H2-Bl",9.57665756906889e-116,4.69920234631338,0.018,0,2.40268761750369e-111
"Mms19",1.01469388000938e-115,1.05984503344393,0.123,0.045,2.54576547555553e-111
"Trim14",1.23027234679102e-115,1.63174920600378,0.04,0.006,3.08663029086399e-111
"2410127L17Rik",1.25199299230616e-115,6.46244309032309,0.015,0,3.14112521839691e-111
"Gtpbp1",1.32378942703026e-115,1.2318628296176,0.09,0.027,3.32125529347622e-111
"Rassf4",1.57568582384844e-115,2.57453755675192,0.046,0.008,3.95323816345334e-111
"Rnf19a",2.57184904374013e-115,1.05474972554444,0.18,0.08,6.45251206583961e-111
"Rpl36al",2.68780445490316e-115,-1.04806026613053,0.561,0.581,6.74343259690653e-111
"Gm16023",2.69391076626847e-115,4.49116461512192,0.02,0.001,6.75875272149097e-111
"Tbrg3",3.1529941805941e-115,10.1868436783605,0.015,0,7.91054709969254e-111
"Zfp937",3.26486028479888e-115,1.67832124322324,0.055,0.011,8.1912079685319e-111
"Cyp4f17",5.71424652470317e-115,5.32709846894945,0.017,0,1.43364731058278e-110
"Polr3b",6.14432512463257e-115,1.8652234225151,0.057,0.012,1.54154973051907e-110
"Magi3",6.14969289365988e-115,1.10180865323253,0.116,0.041,1.54289645009033e-110
"Mterfd3",7.36041264008268e-115,8.26034719846532,0.016,0,1.84665392727034e-110
"Alms1",9.1785617755018e-115,5.99235288800479,0.021,0.001,2.30280936385565e-110
"Herc4",1.15961674086058e-114,1.20429360744648,0.123,0.046,2.9093624411451e-110
"Arrb1",2.19469478252487e-114,-2.71162539617817,0.037,0.149,5.50626973987665e-110
"D1Pas1",3.18910412698142e-114,6.43378925386655,0.015,0,8.00114334418369e-110
"Vps37c",4.56122305144589e-114,1.53376653877042,0.074,0.019,1.14436525137726e-109
"Fbxo42",4.5972676896761e-114,1.25111482044566,0.087,0.026,1.15340849066284e-109
"5730408K05Rik",5.54607809834277e-114,5.59908471294245,0.016,0,1.39145553409322e-109
"AW011738",6.95623229700459e-114,2.51923745657917,0.037,0.005,1.74524912099548e-109
"Mmp25",8.09486195973357e-114,9.79322492089709,0.015,0,2.03091991707755e-109
"Slc2a4rg-ps",9.10198504546245e-114,6.15792982248329,0.016,0,2.28359702805607e-109
"Tmem104",1.07771225992499e-113,1.23165634976391,0.084,0.024,2.7038722889258e-109
"C130046K22Rik",1.83234076568114e-113,10.3763186985756,0.015,0,4.5971597470174e-109
"Gm44029",1.85527129724427e-113,8.34480018622701,0.015,0,4.65469015765614e-109
"Angptl4",1.89336128449847e-113,1.3974423358517,0.115,0.041,4.75025412667822e-109
"Kctd6",1.96657646117483e-113,1.5642841901837,0.072,0.019,4.93394368344154e-109
"Myof",2.29145096729554e-113,1.12175129119721,0.096,0.03,5.74902133184777e-109
"Mir6937",3.94977947145434e-113,4.79136168616506,0.016,0,9.90960171593179e-109
"Alpk1",5.20576423545256e-113,5.65487413903346,0.018,0,1.30607418903269e-108
"Fam198b",5.74893148396396e-113,-2.19081841258503,0.045,0.162,1.44234942001172e-108
"Fancc",1.06231951455036e-112,2.03404647453338,0.055,0.012,2.6652534300554e-108
"Ankrd55",1.5788330528131e-112,3.27319268274099,0.023,0.001,3.96113424620279e-108
"H2-Q4",1.6482519094871e-112,-1.51066945659001,0.341,0.433,4.13529921571218e-108
"Adi1",2.52602015307221e-112,1.86392549093596,0.076,0.021,6.33753196204287e-108
"Fcer1g",4.2242635563461e-112,-8.7408071070956,0.002,0.092,1.05982548365167e-107
"Cacfd1",4.49814340721234e-112,1.27992617926532,0.127,0.049,1.1285391994355e-107
"Zmym6",6.43160134605813e-112,1.23249677975852,0.059,0.013,1.61362446171252e-107
"Snord96a",6.46137322921459e-112,6.19298109496845,0.017,0,1.62109392947765e-107
"Ints6",7.29006051444046e-112,2.85338586480093,0.03,0.003,1.82900328246797e-107
"Arv1",9.82200514821347e-112,6.53367032678114,0.017,0,2.46424287163528e-107
"Akr1b8",1.01609051795845e-111,-4.8039681664274,0.012,0.109,2.54926950050596e-107
"Zfp955a",1.09430720295335e-111,6.1532282912458,0.018,0,2.74550734148966e-107
"Mafb",1.14770806872337e-111,-3.65511456081348,0.035,0.143,2.87948477362005e-107
"Exoc3l4",1.48517031387883e-111,-6.9450041279863,0.006,0.099,3.72614380049059e-107
"Hbb-b2+Hbb-bt",2.06867426722672e-111,14.2637082189824,0.015,0,5.19009686904512e-107
"Amd1",2.62851472371063e-111,1.11720854146272,0.222,0.115,6.59468059031759e-107
"H2-T22",2.98612548487423e-111,-1.40291450448813,0.221,0.353,7.49189022900095e-107
"Pcdhga5",3.37097222471326e-111,2.95466700155862,0.033,0.004,8.4574322145831e-107
"Vcpkmt",3.70621719025814e-111,1.94121034939031,0.054,0.011,9.29852830863865e-107
"Slc28a2",4.15228339096752e-111,-6.73739784376331,0.003,0.092,1.04176637995984e-106
"Gm10073",4.74096478480507e-111,-1.02087555716479,0.271,0.42,1.18946065485974e-106
"4933433G19Rik",5.21082332208781e-111,5.90417292055347,0.015,0,1.30734346327861e-106
"Slc30a10",6.01899373511716e-111,3.59361520941915,0.016,0,1.51010533820354e-106
"Enho",7.00166939911783e-111,-5.44817955660217,0.008,0.101,1.75664883554467e-106
"Pcdh12",8.46870643164816e-111,-2.30834329322995,0.046,0.161,2.12471375663621e-106
"Cxcl1",9.20384764591237e-111,2.33094970498179,0.075,0.021,2.30915333588296e-106
"Adrb1",1.05154172098383e-110,-6.6117241069402,0.003,0.092,2.63821302377632e-106
"Acy1",1.42576203209999e-110,3.0566411230413,0.033,0.004,3.57709436233566e-106
"Spint2",1.61057626624075e-110,-3.76590926931727,0.021,0.121,4.04077479437141e-106
"Rab29",2.13855038020056e-110,1.17146355203091,0.115,0.042,5.36540904888519e-106
"Tmem2",2.72020282909413e-110,-2.76404000000884,0.061,0.176,6.82471687791426e-106
"2610306M01Rik",2.82487308989685e-110,5.65750644173238,0.018,0,7.08732409524221e-106
"Sgtb",2.93441527861393e-110,6.51223458190792,0.017,0,7.36215449251449e-106
"Enc1",2.97033083778701e-110,1.49597467983575,0.102,0.035,7.45226303892383e-106
"Mcph1",3.11151662573093e-110,4.543007241004,0.017,0,7.80648406229633e-106
"Ltc4s",3.54971028377719e-110,-4.25093752806125,0.044,0.152,8.9058681309686e-106
"Efhc2",5.26805708731323e-110,11.0411390520611,0.014,0,1.32170284263602e-105
"Tsc2",5.51001875835907e-110,1.08403758447466,0.139,0.056,1.38240860628471e-105
"Gm17501",1.59442367124983e-109,3.18978848477735,0.033,0.004,4.00024954879871e-105
"Arhgef25",1.63990688880959e-109,1.33707477174088,0.053,0.011,4.11436239333437e-105
"6820431F20Rik",1.64581654634235e-109,3.78933275680278,0.026,0.002,4.12918913311832e-105
"Ipp",2.84817905292299e-109,5.68971647784132,0.019,0.001,7.14579642587848e-105
"3000002C10Rik",3.12338115056694e-109,7.12415488587415,0.015,0,7.8362509686574e-105
"Mir7005",3.14628893958025e-109,4.66124384679406,0.015,0,7.89372432051288e-105
"Plekhn1",3.98773917289578e-109,5.79450489926729,0.016,0,1.00048388108782e-104
"Drosha",4.96555403921393e-109,1.04625912205593,0.103,0.035,1.24580785289838e-104
"Klhl11",5.04961690734989e-109,6.1125150286923,0.016,0,1.26689838588501e-104
"Bcar3",5.26086456351494e-109,1.43331349474188,0.083,0.025,1.31989831034026e-104
"Star",5.41084626735005e-109,-5.92062231488211,0.009,0.101,1.35752722001545e-104
"Gm37350",5.92910123051664e-109,-11.6891876180145,0,0.085,1.48755220772432e-104
"Gm8363",1.34145000607021e-108,5.08141456967671,0.014,0,3.36556392022955e-104
"Cav1",3.03244138153539e-108,-1.06543378831448,0.637,0.637,7.60809218213415e-104
"Adamtsl4",3.19954020922461e-108,1.71461150781696,0.057,0.013,8.02732643092361e-104
"Inadl",3.44878372893995e-108,7.94220413405915,0.014,0,8.65265349753744e-104
"Ndor1",3.51946269083343e-108,1.55962014643321,0.066,0.017,8.82997994503199e-104
"Fam43a",3.89532701073703e-108,-1.71850356112978,0.188,0.312,9.77298593723814e-104
"Socs3",4.32812851109378e-108,-1.78161891586177,0.175,0.302,1.08588416214832e-103
"Zfp930",4.33986108656296e-108,7.24641189937771,0.019,0.001,1.08882774800778e-103
"Oit3",6.32518314017466e-108,-11.0211358561385,0.001,0.087,1.58692519803842e-103
"Hmg20a",6.35760793532601e-108,1.18916524643731,0.117,0.044,1.59506025489394e-103
"Ablim3",6.7735483501544e-108,-5.18335513015171,0.011,0.103,1.69941554557024e-103
"Pet112",7.81396149645665e-108,8.05322403616216,0.015,0,1.96044479984601e-103
"Gm9817",1.03615714833118e-107,2.57506401984455,0.032,0.004,2.59961466944811e-103
"Aim2",1.14173409880501e-107,3.10981455721057,0.027,0.002,2.8644966804919e-103
"Gm15910",1.51698666812599e-107,3.9936344934843,0.018,0,3.8059678516613e-103
"Mir7036",1.6437589877467e-107,5.0739214352748,0.015,0,4.12402692435769e-103
"Gm4951",1.698421956661e-107,-4.12066720718675,0.013,0.108,4.26117084706678e-103
"Prep",5.05440792080794e-107,1.53137984802845,0.09,0.029,1.2681004032515e-102
"Ramp3",5.55282691026558e-107,-2.31202952376987,0.076,0.194,1.39314874351653e-102
"9030025P20Rik",8.58504990789244e-107,7.58328883859511,0.014,0,2.15390317139114e-102
"Twsg1",9.54323145469713e-107,1.4339377023458,0.114,0.042,2.39430133966896e-102
"4632427E13Rik",1.88986043385505e-106,2.84702453489654,0.021,0.001,4.74147084249894e-102
"Pkd2l2",2.37647794046824e-106,4.81964847059928,0.018,0.001,5.96234550484077e-102
"Utp14b",2.7113966438914e-106,3.00417749307275,0.037,0.005,6.80262303985915e-102
"Gm11944",3.55827008099788e-106,5.18765232287008,0.016,0,8.92734380621557e-102
"Mylpf",3.90402860260675e-106,1.06105379273706,0.088,0.028,9.79481736108008e-102
"Aldoart2",4.12638382949361e-106,4.16533544369945,0.016,0,1.03526843898165e-101
"Ptplad2",4.18928761540441e-106,6.72140331599132,0.015,0,1.05105036982881e-101
"Pcdhgb1",9.00966960499804e-106,2.95216568242431,0.032,0.004,2.26043600719796e-101
"Vsir",9.55196484644615e-106,-1.60449325340973,0.109,0.238,2.39649246032487e-101
"Btaf1",9.70442464111858e-106,1.29318666538436,0.078,0.022,2.43474309821024e-101
"Musk",1.47632269886416e-105,3.94714333089017,0.023,0.002,3.70394601918028e-101
"Tmcc2",2.13509332211821e-105,-3.39039509985117,0.044,0.15,5.35673563586239e-101
"Fer1l5",2.16960511032326e-105,6.14939363751208,0.015,0,5.44332226129003e-101
"Gm6654",2.19464730736123e-105,6.79598220567995,0.014,0,5.50615062943859e-101
"1700052N19Rik",5.09638398959968e-105,7.65534678705609,0.014,0,1.27863177915066e-100
"Tst",5.09650209656689e-105,-4.62327255008649,0.011,0.101,1.27866141100767e-100
"Snora28",5.98510101465846e-105,3.90840167256508,0.018,0.001,1.50160199356766e-100
"Cald1",7.31837114002009e-105,-1.33096245904,0.209,0.334,1.83610613531964e-100
"Cep68",8.12011056666512e-105,1.27075637176005,0.113,0.042,2.03725454007061e-100
"Vsig10l",8.57952628322412e-105,8.32246889417388,0.016,0,2.1525173491981e-100
"Onecut2",1.02196078441438e-104,6.29310803760206,0.014,0,2.56399741201724e-100
"Acn9",1.04689993686208e-104,7.1131646446116,0.014,0,2.62656725159328e-100
"Abhd4",1.06940417441402e-104,1.20844228894454,0.196,0.097,2.68302813318733e-100
"Cog3",1.12188743804904e-104,1.35857845716744,0.088,0.028,2.81470339332122e-100
"Suox",1.49888946290422e-104,2.04180295629948,0.053,0.011,3.76056377348039e-100
"Sh3kbp1",1.57501686431045e-104,1.53116578326852,0.068,0.018,3.9515598108685e-100
"Gpld1",1.78584167815261e-104,2.9046144203865,0.026,0.002,4.48049818631709e-100
"Gemin4",2.07025784991035e-104,5.12635607412121,0.019,0.001,5.19406991964008e-100
"Bin1",2.22674643666567e-104,-2.17624969040624,0.076,0.192,5.5866841349505e-100
"Pcdhga4",2.25573342912282e-104,3.15170530928195,0.032,0.004,5.65940960032625e-100
"Skida1",2.46754058777868e-104,2.35512466557806,0.036,0.005,6.19081258067793e-100
"Tpk1",3.70706256511792e-104,2.04908137541471,0.053,0.011,9.30064926962434e-100
"Fan1",5.51024628290045e-104,5.60990715719842,0.015,0,1.38246568991689e-99
"Gm12338",5.62226370010755e-104,6.76242120766314,0.014,0,1.41056973971998e-99
"Ccpg1",6.1737852754708e-104,1.00441169484792,0.18,0.085,1.54894098776287e-99
"Sema3a",8.30956165973787e-104,-9.87247138719525,0.004,0.089,2.08478592481163e-99
"Letm2",9.43554452714362e-104,2.28543022314291,0.037,0.006,2.36728376641506e-99
"Nnt",9.91877843865823e-104,1.29312072254258,0.082,0.025,2.48852232247496e-99
"Hoxb5",1.1894855935592e-103,-8.24977238292877,0.001,0.083,2.98430040568067e-99
"Gm10069",1.21297921323589e-103,5.15493368616164,0.015,0,3.04324354808751e-99
"Vmn2r29",1.28427299308486e-103,7.29503520021875,0.014,0,3.22211251235061e-99
"Il17ra",1.39171837403614e-103,2.14729719795876,0.039,0.006,3.49168222861928e-99
"Dhfr",1.6755185385095e-103,2.95333996765549,0.034,0.005,4.20370846126648e-99
"Taf1a",1.67882091181483e-103,1.91048604769149,0.059,0.014,4.21199378565222e-99
"F420014N23Rik",1.78033574729105e-103,4.43228263965192,0.022,0.001,4.46668435637851e-99
"Faf1",1.95489436541035e-103,1.05987540913456,0.165,0.075,4.90463447337802e-99
"8030462N17Rik",1.99808886944039e-103,6.25848632275938,0.016,0,5.01300516453898e-99
"Bcap29",2.12543406449893e-103,1.29448566052022,0.125,0.05,5.33250152442136e-99
"4931431C16Rik",2.38607588772483e-103,4.1886914801121,0.016,0,5.98642579471282e-99
"Gm16712",2.43897748789953e-103,3.79339197293209,0.017,0,6.11915061939112e-99
"Ipo9",2.49532592802658e-103,1.01142750686801,0.127,0.05,6.26052322082589e-99
"Fam120aos",2.99403883443908e-103,1.68292421835335,0.03,0.003,7.5117440317242e-99
"Mib2",3.29043916026708e-103,1.02440466369256,0.104,0.037,8.25538280919407e-99
"Prr14l",3.39221219062687e-103,1.47790189378366,0.059,0.014,8.51072116506376e-99
"Tmem62",3.61680517311023e-103,2.11816882645026,0.048,0.01,9.07420249881626e-99
"Cep350",4.07789675953064e-103,1.12013276554618,0.106,0.038,1.02310351799864e-98
"B330016D10Rik",5.02298106206142e-103,5.53043041644402,0.014,0,1.26021571866059e-98
"Arnt2",5.06233002289863e-103,5.7617663654127,0.014,0,1.27008797944504e-98
"Gm17762",5.63568865416107e-103,5.8542406198296,0.013,0,1.41393792644247e-98
"Ccnd1",6.99702116475199e-103,-1.48352713956354,0.158,0.286,1.75548264002463e-98
"Tcte2",1.45712064612635e-102,2.80225015314702,0.029,0.003,3.65576998906639e-98
"Zfp473",1.76595877168691e-102,4.05333832026542,0.018,0.001,4.43061396228529e-98
"Cd24a",2.04834827062677e-102,-2.33874386793988,0.102,0.217,5.13910097617549e-98
"Gm166",3.25957014681484e-102,7.84942791959852,0.014,0,8.17793554134376e-98
"Acsl1",5.2081398550467e-102,1.60595962670213,0.069,0.019,1.30667020823267e-97
"Hn1",5.97580211232197e-102,-1.71870592613453,0.11,0.234,1.49926899196046e-97
"Prpf6",7.42263618852564e-102,1.03459932807879,0.165,0.075,1.8622651933392e-97
"Gm17296",1.43454620614484e-101,8.73669987507335,0.013,0,3.59913297659678e-97
"Pbld1",1.43454620614484e-101,9.195436019483,0.013,0,3.59913297659678e-97
"Gm5089",1.43454620614484e-101,8.97163176741004,0.013,0,3.59913297659678e-97
"Gm10389",1.43454620614484e-101,7.83507298276578,0.013,0,3.59913297659678e-97
"Sh3yl1",1.69858733109924e-101,2.95952790034053,0.033,0.004,4.26158575499488e-97
"Pcdhgb4",2.37922081786404e-101,2.63293998815727,0.035,0.005,5.96922710993909e-97
"mt-Nd3",2.50588978757037e-101,-1.00626260007185,0.265,0.411,6.28702688803531e-97
"Klf7",2.98474956954317e-101,-1.00132400626182,0.384,0.485,7.48843819502687e-97
"Ogfod1",4.85216563835813e-101,1.47403837150106,0.059,0.014,1.21735983700767e-96
"Fam179b",6.52547533178166e-101,1.40920595899407,0.109,0.04,1.6371765059907e-96
"1700030C10Rik",6.60776910999588e-101,6.85301769344587,0.015,0,1.65782319200687e-96
"Dmgdh",8.1937843053632e-101,9.65597898510995,0.014,0,2.05573854437257e-96
"Dtnb",9.12882438547318e-101,1.35763866214186,0.065,0.017,2.29033075007137e-96
"Ints4",1.32785601639848e-100,1.36287542700876,0.106,0.039,3.33145795954216e-96
"Cln5",1.70251414576643e-100,1.04464014080919,0.183,0.089,4.27143774031341e-96
"Gm11696",1.83321609620463e-100,5.40796983368612,0.021,0.001,4.59935586376781e-96
"Meox2",2.2321323180954e-100,-3.8565404229805,0.012,0.1,5.60019677286954e-96
"Islr2",2.81072177804601e-100,3.15888413911358,0.026,0.002,7.05181986893964e-96
"Mir6992",3.29170570685965e-100,4.91194007946473,0.014,0,8.25856044794018e-96
"Tiam2",3.90334975068382e-100,4.48858078592883,0.018,0.001,9.79311418949064e-96
"Lhpp",4.4601199371425e-100,2.20405955472523,0.043,0.008,1.11899949102968e-95
"Mmrn1",5.10996675316302e-100,-10.3292171847128,0.003,0.084,1.28203955870107e-95
"Pkp3",5.11391377157792e-100,9.9872779944638,0.014,0,1.28302982615118e-95
"Usp49",1.13494076478089e-99,3.3942342434099,0.027,0.003,2.84745288475877e-95
"Edem3",1.29341662587173e-99,1.00771338223182,0.083,0.026,3.24505297264959e-95
"Prdm9",2.07677423425387e-99,8.32052884372806,0.013,0,5.21041887631952e-95
"Slc16a6",2.21178721404991e-99,4.49200700409538,0.016,0,5.54915294132981e-95
"Cd46",2.9900978257657e-99,6.91138435037456,0.016,0,7.50185643506356e-95
"Gm12840",3.01811420356102e-99,-4.81731089061178,0.009,0.095,7.57214672531424e-95
"Pcdhga8",3.13113690971203e-99,3.00276793003702,0.03,0.004,7.85570939277651e-95
"Lenep",3.16717585697849e-99,4.3621887402487,0.016,0,7.94612750757333e-95
"Cacna1a",3.28815452749837e-99,1.26565788606245,0.049,0.01,8.24965089404067e-95
"Grk4",3.85223467436864e-99,1.79469461841553,0.033,0.005,9.66487157452348e-95
"Mirlet7bhg",4.23232740997804e-99,6.63303387727368,0.014,0,1.06184862388939e-94
"Igfbp3",6.24697750287639e-99,-2.64653872164347,0.115,0.23,1.56730418569666e-94
"4930512B01Rik",8.03051207409064e-99,6.0847323189969,0.014,0,2.0147751742686e-94
"Fzd3",8.33640483933744e-99,2.43472903789742,0.039,0.007,2.09152061014137e-94
"BC018242",9.29323728408051e-99,9.45871195302174,0.013,0,2.33158030220296e-94
"Nsg2",9.29323728408051e-99,9.47082219087537,0.013,0,2.33158030220296e-94
"Prpf4",1.36871937817497e-98,1.00519355833349,0.124,0.049,3.43398004790318e-94
"2810403D21Rik",1.98412987655201e-98,3.1909428952811,0.021,0.001,4.97798344728133e-94
"Gm16596",2.32977717809197e-98,7.32212732601611,0.013,0,5.84517796211494e-94
"Gm6484",2.34708118072545e-98,7.51828621588516,0.013,0,5.88859197432207e-94
"Pclo",2.35471510641839e-98,4.31889551727334,0.017,0.001,5.9077447304931e-94
"Mlph",2.81261868708821e-98,4.68084345668594,0.021,0.001,7.05657902403561e-94
"Clca3a1",2.9087575836999e-98,-10.4113356853138,0.001,0.08,7.29778190174467e-94
"Mapk6",3.05040829413075e-98,1.1797938064022,0.115,0.045,7.65316936914464e-94
"Casp9",3.82584763917308e-98,1.19576134869236,0.084,0.027,9.59866914192134e-94
"Psd",4.57572011896863e-98,3.61473826453078,0.019,0.001,1.14800242064804e-93
"Ankdd1b",5.00776233304165e-98,6.64969346708059,0.015,0,1.25639749173682e-93
"Nsg1",5.71649959031207e-98,-2.49833439844128,0.045,0.148,1.4342125822134e-93
"Fanca",6.01369557837472e-98,6.010353673845,0.016,0,1.50877608365843e-93
"Prdm10",8.21039458966405e-98,3.80483790971865,0.018,0.001,2.05990589860081e-93
"Cdadc1",9.07048696474453e-98,1.21572416669594,0.1,0.036,2.27569447458476e-93
"Hspa1l",9.0801437635861e-98,2.42233817770868,0.02,0.001,2.27811726884612e-93
"Kdm3a",1.20251958830935e-97,1.17591704553047,0.119,0.047,3.01700139510933e-93
"Pard6g",1.23245888363117e-97,-3.73034260825181,0.023,0.116,3.09211609314223e-93
"Batf",1.23999060947355e-97,1.92674203993457,0.039,0.007,3.11101244010818e-93
"Mir7065",2.365127022207e-97,4.57102060287793,0.013,0,5.93386718601515e-93
"Frem2",2.801910588633e-97,4.6578410468566,0.017,0.001,7.02971347582133e-93
"Nup88",3.13731140462738e-97,1.28287432017572,0.124,0.05,7.87120058306963e-93
"Dll1",3.48212350247177e-97,-2.68044418154447,0.029,0.125,8.73629965535141e-93
"Lbp",4.01848540469777e-97,-3.1107657415306,0.027,0.122,1.00819780318462e-92
"Doc2a",5.85342763360761e-97,3.67831025699426,0.022,0.002,1.46856645899581e-92
"A530054K11Rik",5.92625567006132e-97,9.946561795447,0.013,0,1.48683828506168e-92
"8430429K09Rik.2",5.98574080742956e-97,8.9324782370018,0.013,0,1.501762511176e-92
"Rab4a",6.18912713320931e-97,1.36011964865826,0.12,0.049,1.55279010645088e-92
"Nprl3",6.87539360082221e-97,1.37282955686652,0.078,0.024,1.72496750051028e-92
"Cog6",9.58690347675606e-97,1.5669486107093,0.097,0.035,2.40525821328333e-92
"6530402F18Rik",1.03869249588165e-96,4.31339750294161,0.018,0.001,2.60597560291748e-92
"Gm20257",1.24664837933991e-96,5.50936744910974,0.016,0,3.12771611892591e-92
"Osbpl6",1.26130327662906e-96,5.81909965658689,0.016,0,3.16448379073464e-92
"Casp3",1.58812087127605e-96,6.00784198298386,0.016,0,3.98443645394449e-92
"Vipas39",2.22860131374013e-96,1.47437900215163,0.105,0.039,5.59133783604261e-92
"D730005E14Rik",2.78142474803261e-96,6.18395153624238,0.013,0,6.97831655033902e-92
"LOC100504703",4.97148052949403e-96,6.53249038006315,0.013,0,1.24729475004476e-91
"Tmem39a",5.216211630087e-96,1.22456984967112,0.107,0.04,1.30869533587253e-91
"AY358078",6.01890948635385e-96,5.63713776227982,0.013,0,1.51008420103132e-91
"Cpt2",6.7769123352995e-96,1.42992870714704,0.105,0.039,1.70025953580329e-91
"Ftsj1",8.23932947099491e-96,1.18063290773661,0.111,0.043,2.06716537097791e-91
"Map3k8",1.42228288601201e-95,1.07112386477771,0.137,0.059,3.56836553271554e-91
"Gm12359",1.42605721767761e-95,2.78271077260712,0.02,0.001,3.57783495343135e-91
"2610020H08Rik",1.51460608801764e-95,9.16950957290457,0.013,0,3.79999521422745e-91
"Gm6642",1.52246824911413e-95,6.26191024005517,0.013,0,3.81972059020244e-91
"Pak1",1.57012356005363e-95,5.34329287023324,0.018,0.001,3.93928299981856e-91
"Gatc",1.7114865782802e-95,1.30713641205925,0.111,0.043,4.29394867624719e-91
"H2-Ab1",2.11205382643025e-95,-5.07010184798771,0.011,0.095,5.29893184513085e-91
"Med23",2.16614589487714e-95,1.18957100232976,0.082,0.026,5.43464343565725e-91
"Slc22a21",2.27355831651103e-95,2.7726324579098,0.028,0.003,5.70413046029452e-91
"Amd2",2.29405379008733e-95,3.76425843204788,0.021,0.002,5.7555515539501e-91
"Lrrtm2",2.40630121067518e-95,6.98670196283839,0.014,0,6.03716910746296e-91
"Rgs16",2.79726313324496e-95,1.31264118549004,0.088,0.03,7.01805347499829e-91
"2500004C02Rik",3.178325427452e-95,8.73289081751887,0.016,0,7.97410066493432e-91
"Dpysl3",3.29445062672451e-95,-2.54229035673672,0.021,0.111,8.26544717738912e-91
"Taf1b",3.63494694509719e-95,1.3273155508877,0.099,0.036,9.11971839055434e-91
"Mfap2",4.14899807235805e-95,-3.15252918596381,0.032,0.127,1.04094212637391e-90
"Adgrg3",7.4690172608964e-95,-10.8690834071635,0,0.076,1.8739017405863e-90
"Med20",9.47909980198378e-95,1.03616149965879,0.164,0.077,2.37821134931971e-90
"Zfp704",9.4966537796981e-95,1.15394650906199,0.113,0.044,2.38261546678846e-90
"Myo1h",9.56398097454601e-95,2.03080806733714,0.031,0.004,2.39950718670385e-90
"Mir6997",1.53164617312868e-94,4.75369745114652,0.012,0,3.84274708376254e-90
"Ccdc117",1.9429892184736e-94,1.11762943638625,0.143,0.064,4.87476565022842e-90
"Lonp2",2.08162230112791e-94,1.03761715000297,0.155,0.071,5.2225821912998e-90
"Ceacam2",2.10098634537089e-94,8.88609196865188,0.013,0,5.27116464190103e-90
"Rrn3",2.56122187261244e-94,1.00695389431554,0.102,0.038,6.42584955619734e-90
"Kdm8",3.07770608455802e-94,9.40585860312682,0.014,0,7.72165679554762e-90
"Tab3",3.20932168063459e-94,7.57479112570431,0.014,0,8.05186716454413e-90
"Sult5a1",3.38073961065663e-94,3.16113451695721,0.027,0.003,8.48193760917642e-90
"Dtwd2",3.62528494333526e-94,2.80797205955255,0.034,0.005,9.09547739433385e-90
"Cnrip1",3.72850399041041e-94,-4.08777319108726,0.014,0.099,9.35444366154069e-90
"Gm5523",4.52474156843271e-94,4.18175539079268,0.014,0,1.13521241210408e-89
"Zfp956",6.58511227752281e-94,5.82521705000662,0.016,0,1.6521388193077e-89
"Gspt2",8.77190499163939e-94,5.33038248346701,0.014,0,2.20078324335241e-89
"Fbxo10",9.63885703859704e-94,2.4905433082023,0.037,0.006,2.41829284241361e-89
"Eml2",3.41801604652732e-93,1.26124746794657,0.099,0.036,8.57546045913239e-89
"5033406O09Rik",3.89742569474766e-93,10.0822444827967,0.012,0,9.7782513255524e-89
"Mtap",9.28459418785772e-93,1.30640488641635,0.124,0.052,2.32941183579162e-88
"C78339",9.79628076548619e-93,8.6407571085431,0.012,0,2.45778888125283e-88
"Ulk3",1.09341149420539e-92,1.43402892570741,0.069,0.02,2.7432600978119e-88
"Eva1b",1.32717975516835e-92,-1.14348351067503,0.369,0.451,3.32976128774187e-88
"Cpsf1",1.61361212946561e-92,1.14117096331374,0.093,0.033,4.04839147161627e-88
"Xk",2.06102118050966e-92,6.23650173984399,0.014,0,5.17089603978068e-88
"Smpd4",2.34330979863425e-92,1.45833138104479,0.064,0.018,5.87912995379346e-88
"Tsc22d4",2.35124381771803e-92,-2.14755607392737,0.059,0.162,5.89903561427277e-88
"Noct",3.23025648357667e-92,1.29231544811081,0.088,0.03,8.10439049164552e-88
"Tnfrsf25",3.87612134314215e-92,2.4452819936897,0.027,0.003,9.72480083780934e-88
"Tfcp2l1",4.45693930747747e-92,7.55866899668187,0.013,0,1.11820150285302e-87
"Mir6928",4.49859415444793e-92,4.72557629883969,0.013,0,1.12865228740944e-87
"Slc25a32",4.52709567152392e-92,1.43134873136453,0.086,0.029,1.13580303302864e-87
"Wwp2",5.12428651761531e-92,1.22919235442558,0.102,0.038,1.2856322444045e-87
"Trak2",5.43204587883941e-92,1.024528582397,0.108,0.042,1.36284599054202e-87
"Ces2e",6.80907964944343e-92,-5.17944491436878,0.004,0.081,1.70832999324886e-87
"Slc25a40",9.34978160743285e-92,1.17587559075582,0.07,0.021,2.34576670748883e-87
"Gm13152",9.91693626426591e-92,7.92809406737671,0.012,0,2.48806013934167e-87
"Rsad1",1.12161206024108e-91,5.98511700834665,0.016,0.001,2.81401249793884e-87
"Tmem194b",1.20396224095365e-91,3.35764001759241,0.021,0.002,3.0206208663286e-87
"Gypc",2.03161867164018e-91,-2.31275767643289,0.018,0.104,5.09712808527806e-87
"G6pd2",2.68955353958802e-91,5.77390710742192,0.013,0,6.74782087547238e-87
"Cep70",2.77127885551154e-91,1.54624753607114,0.057,0.015,6.95286152059291e-87
"Lrtm1",2.98943127680477e-91,6.14829197185571,0.013,0,7.5001841303755e-87
"Vps39",5.13762692300459e-91,1.43810447499454,0.078,0.025,1.28897921871262e-86
"Hinfp",5.1441683027661e-91,6.48801959613722,0.014,0,1.29062038548099e-86
"Mir3101",5.17622624583217e-91,4.2938828038843,0.014,0,1.29866340281683e-86
"Dock5",5.18862481751375e-91,7.42715679327804,0.014,0,1.30177408046602e-86
"Stk38l",5.38232785535884e-91,1.16288740826698,0.07,0.021,1.35037223563098e-86
"3110057O12Rik",5.61209199125309e-91,6.25006004743467,0.012,0,1.40801775968549e-86
"Rhbdd1",9.79876971567477e-91,1.46412407959067,0.091,0.032,2.45841333396564e-86
"Acsl6",1.09857815345004e-90,8.98883685019651,0.013,0,2.75622272919081e-86
"Gm5512.2",1.11719583751429e-90,6.98245259233655,0.013,0,2.8029326367396e-86
"Sc5d",1.11935686751799e-90,1.27352699894978,0.112,0.045,2.80835444491589e-86
"Rsph3a",1.51561569468019e-90,3.7913918944054,0.018,0.001,3.80252821638313e-86
"Plcg2",2.42318090163852e-90,1.31874267232455,0.061,0.016,6.07951856412088e-86
"Pigl",2.7737034381902e-90,1.87395459998464,0.042,0.008,6.9589445560754e-86
"Vti1a",4.42368178140682e-90,1.09127019774854,0.082,0.027,1.10985752213716e-85
"Zfyve26",4.56788686037047e-90,2.08935177982915,0.039,0.007,1.14603713439835e-85
"Serac1",7.01527570445126e-90,6.32372410341082,0.013,0,1.76006252148978e-85
"Rpap1",7.04023944683009e-90,1.20066599141952,0.069,0.021,1.7663256748152e-85
"Wt1",7.15972484904365e-90,-9.48784927818217,0.005,0.08,1.79630336737656e-85
"Slc19a1",9.27809737264266e-90,3.78378973030883,0.017,0.001,2.32778184982232e-85
"Itpkb",1.72448575312745e-89,-1.48333879996273,0.302,0.39,4.32656230602146e-85
"Nlrp5-ps",2.8298698453245e-89,7.39136307585225,0.012,0,7.09986045493465e-85
"Tctn2",2.84202848904956e-89,7.19726989620958,0.012,0,7.13036527617644e-85
"Hoxd3os1",3.24148786556779e-89,-10.7311359527926,0,0.071,8.13256890592302e-85
"Mthfd1l",3.58570818926196e-89,2.17704646174027,0.026,0.003,8.99618327603933e-85
"Dnase1l3",3.73640262714608e-89,-9.89680539904738,0.023,0.107,9.3742605512468e-85
"Npr3",4.94251821906519e-89,-8.53503321072217,0.002,0.074,1.24002839598127e-84
"Snord100",5.11357004010776e-89,5.48217796287643,0.013,0,1.28294358736264e-84
"Kcnip4",5.15691547384497e-89,5.46508453982304,0.013,0,1.29381852323297e-84
"Nrp2",5.16075781026777e-89,-1.97152059829607,0.107,0.216,1.29478252701808e-84
"Lamp2",5.32260737915541e-89,-1.12339022418164,0.32,0.426,1.3353889653563e-84
"Slc25a12",6.09850347454247e-89,1.16469620241808,0.111,0.045,1.53005353672796e-84
"Hdac9",8.35458693550289e-89,1.21013393864919,0.032,0.005,2.09608231624832e-84
"Plac8",8.84156968467369e-89,-3.66934739066778,0.012,0.091,2.21826141818778e-84
"Arhgap44",1.14467229259151e-88,3.54193184068763,0.018,0.001,2.87186831488285e-84
"Ghdc",1.26447676728219e-88,1.29922939557293,0.095,0.035,3.17244576143429e-84
"Slc23a2",1.84200651106819e-88,1.17876852350807,0.124,0.053,4.62141013561898e-84
"Synpo",2.10296170935947e-88,-2.67095303208253,0.026,0.114,5.27612063261197e-84
"Fam227a",2.29140416923159e-88,5.7395967895558,0.018,0.001,5.74890392018514e-84
"Man2c1os",2.35938973975792e-88,2.87973790078207,0.019,0.001,5.91947291807865e-84
"1810062O18Rik",2.9862047076291e-88,5.30673199745822,0.014,0,7.49208899097065e-84
"Nadsyn1",3.538638691034e-88,3.15088739364161,0.022,0.002,8.87809061193521e-84
"Gm9199",3.60120305496516e-88,5.63454909854556,0.012,0,9.03505834460209e-84
"Gca",4.08947250719179e-88,1.81544219946853,0.052,0.013,1.02600775732935e-83
"Slc10a7",6.47589483648345e-88,1.12440533108639,0.1,0.038,1.62473725552533e-83
"Art3",6.79460761728171e-88,-3.41839213963871,0.022,0.107,1.70469910509981e-83
"Gpatch2l",6.8558789738648e-88,1.83426918326318,0.045,0.01,1.72007147575294e-83
"Plekho2",7.32688241133786e-88,-2.76979117879677,0.03,0.119,1.83824152818056e-83
"Ntf3",7.69433507679071e-88,-4.93452006238552,0.008,0.083,1.93043172741602e-83
"Samd10",8.63946887896048e-88,1.98841757081093,0.058,0.016,2.1675563470424e-83
"Clybl",1.13160072564152e-87,1.78540316713602,0.049,0.011,2.83907306056201e-83
"Nog",1.25984429209253e-87,6.9066808127648,0.012,0,3.16082334443095e-83
"Gm7244",1.63333265478511e-87,5.70649868481791,0.011,0,4.09786829759036e-83
"4921533I20Rik",1.63333265478511e-87,4.50316557839958,0.011,0,4.09786829759036e-83
"Ubtd2",2.08208656597853e-87,4.76373775535482,0.019,0.001,5.22374698538353e-83
"Pcdhga2",2.09278648466119e-87,2.76153197664523,0.028,0.004,5.25059201136645e-83
"Cdh11",2.32251368924619e-87,1.38084455763329,0.026,0.003,5.82695459494977e-83
"Pik3c3",2.55242388933391e-87,1.33314686798661,0.101,0.039,6.40377629594986e-83
"4933427D14Rik",3.94641889149075e-87,2.29282694320955,0.031,0.005,9.90117035686115e-83
"A330023F24Rik",3.97477028726205e-87,6.37561551784014,0.015,0,9.97230117371175e-83
"Fam185a",4.02679727084677e-87,5.24833513443853,0.015,0,1.01028316728274e-82
"Mannr",4.08101892653778e-87,9.02644809009048,0.012,0,1.02388683847906e-82
"Tcn2",4.19275962326434e-87,-1.10357669038763,0.444,0.507,1.05192146188079e-82
"R74862",4.25348399791026e-87,3.60094761100101,0.029,0.004,1.06715660023571e-82
"Ggcx",4.3981546033327e-87,1.01388554163808,0.103,0.04,1.10345300843014e-82
"Manf",4.54958201974452e-87,-1.10866710975408,0.391,0.471,1.1414446329337e-82
"Prox2",4.93811534224518e-87,4.8619029222098,0.014,0,1.23892375821589e-82
"Lrig2",6.86199621066338e-87,1.07811475624806,0.086,0.03,1.72160622929334e-82
"Lbh",6.95237750439565e-87,-3.89859932126764,0.019,0.101,1.74428199207783e-82
"Tubb4b",7.70612723570078e-87,-1.02034368985784,0.425,0.49,1.93339026216497e-82
"Zfp442",1.09272635575406e-86,1.31711856434442,0.054,0.014,2.74154115395136e-82
"Ptpn13",1.55829564550892e-86,1.90305664787814,0.021,0.002,3.90960794501732e-82
"Nbas",1.64223932910499e-86,1.09564809425133,0.064,0.018,4.12021425279152e-82
"Gm15713",1.78528092542474e-86,7.01805845981073,0.012,0,4.47909131379813e-82
"Dagla",3.39824572410581e-86,4.01807452014707,0.019,0.001,8.52585869720907e-82
"2900055J20Rik",4.15539434849652e-86,4.57292057335679,0.011,0,1.04254688809429e-81
"Gm16973",4.58627230010497e-86,1.95873256260851,0.039,0.008,1.15064985737334e-81
"Naa30",4.8511362802384e-86,1.41258744623737,0.089,0.032,1.21710158134901e-81
"Taf8",6.75973205296797e-86,1.15583410955639,0.093,0.035,1.69594917476913e-81
"Pigo",7.20448509682335e-86,2.21802657305132,0.03,0.004,1.80753326594201e-81
"6330409D20Rik",1.02351114594243e-85,-2.18572065518494,0.027,0.004,2.56788711405497e-81
"8430429K09Rik.1",1.03596296462301e-85,5.26237241285552,0.011,0,2.59912748194267e-81
"9530091C08Rik",1.04441047173649e-85,9.41185670199414,0.011,0,2.62032143253968e-81
"2610507I01Rik",1.05604062986783e-85,7.32321944665301,0.011,0,2.6495003362754e-81
"Tcaim",1.14674485479489e-85,2.2991664051438,0.04,0.008,2.8770681661949e-81
"Galnt18",1.32879452854038e-85,-1.57385979423944,0.14,0.251,3.33381259265495e-81
"Wee1",1.34974359905796e-85,1.55301416922882,0.052,0.013,3.38637171567653e-81
"Prox1",1.55873700445926e-85,-9.0325945314337,0.001,0.07,3.91071527048784e-81
"Polr3a",1.70538561357961e-85,1.41161552055785,0.052,0.013,4.27864196590989e-81
"Tmem45a",1.73984838352281e-85,2.1687615832517,0.038,0.007,4.36510560942038e-81
"Jade3",2.30526646056519e-85,8.78270547069461,0.012,0,5.783683022912e-81
"Kcna5",2.54437870686413e-85,-5.76026838606742,0.006,0.079,6.38359173765141e-81
"Chd1l",4.65621872743498e-85,1.19402047262813,0.066,0.02,1.16819871652616e-80
"Pdpr",5.35535469141575e-85,6.335497666972,0.015,0.001,1.3436049385293e-80
"Gm1976",7.92144400996864e-85,5.63443498505636,0.015,0.001,1.98741108766103e-80
"Taf4b",7.94956270747261e-85,7.72004539713934,0.012,0,1.9944657876778e-80
"Mir7017",1.05715566557388e-84,4.24840587775115,0.011,0,2.65229784935832e-80
"Olfm5",1.05715566557388e-84,12.4237280927775,0.011,0,2.65229784935832e-80
"Mir7052",1.27899995815594e-84,4.72572370272341,0.012,0,3.20888299501744e-80
"4930429F24Rik",1.28874983541761e-84,6.13311587436664,0.012,0,3.23334446207924e-80
"Parp6",1.63843063546123e-84,1.0758797479494,0.1,0.039,4.11065862130869e-80
"AI506816",1.72033163956211e-84,2.60457019298221,0.029,0.004,4.31614005049737e-80
"Gm10785",1.92815898215489e-84,3.49749808429246,0.02,0.002,4.83755807032841e-80
"4930404N11Rik",2.58138425969194e-84,4.68119772754416,0.014,0,6.47643496914111e-80
"Mir6946",2.6335115533719e-84,4.63212056419881,0.011,0,6.60721713625476e-80
"Gm3716",2.65008519484899e-84,9.59762976142582,0.011,0,6.64879874535663e-80
"Arhgef9",3.55760206704956e-84,2.12515060096987,0.045,0.01,8.92566782602064e-80
"Ift52",3.98135031459075e-84,1.18225626985147,0.103,0.041,9.98880980427672e-80
"Anxa1",7.8442627690955e-84,-1.5869401961172,0.058,0.157,1.96804708613837e-79
"Map2k4",8.90805889901244e-84,1.06898959540543,0.108,0.044,2.23494289717323e-79
"Stk11ip",1.07111349342733e-83,2.29847909754039,0.03,0.005,2.68731664365982e-79
"Gm5088",1.11943883577288e-83,5.5062992450149,0.012,0,2.80856009507058e-79
"Glipr2",1.96811370461567e-83,2.25301730588706,0.046,0.011,4.93780047351024e-79
"Pcdhga9",2.05545021079162e-83,2.78983277310729,0.028,0.004,5.15691903385511e-79
"Ppcdc",2.31324352394545e-83,1.39784390218318,0.068,0.021,5.80369667722674e-79
"Arhgef18",2.51794195620364e-83,1.01844122207606,0.073,0.024,6.31726457391932e-79
"4932418E24Rik",2.68940848108027e-83,5.05940746099588,0.011,0,6.74745693818228e-79
"Mir7020",2.68940848108027e-83,4.68977960774757,0.011,0,6.74745693818228e-79
"4933412E12Rik",2.68940848108027e-83,9.28040678966692,0.011,0,6.74745693818228e-79
"Mvk",2.93080077913299e-83,1.09122558737221,0.1,0.039,7.35308607476676e-79
"Gm6133",4.15976207616731e-83,-1.07209887467184,0.17,0.294,1.04364270728962e-78
"Tmem215",4.20010090428474e-83,-8.23913798318599,0.001,0.067,1.053763315876e-78
"Fam20b",4.89550608305034e-83,1.12674754695039,0.09,0.033,1.2282335211765e-78
"Mllt11",6.65256422969137e-83,1.31745019316503,0.063,0.019,1.66906183958727e-78
"Oas1c",6.7587626078613e-83,8.30864474487275,0.011,0,1.69570595068632e-78
"Ntn4",9.59581598748564e-83,-6.65861023513347,0.004,0.073,2.40749427310027e-78
"Zfos1",1.08496251138895e-82,-1.06999959892207,0.145,0.268,2.72206244482375e-78
"Col4a1",1.45213425930918e-82,-1.00377980312499,0.494,0.535,3.6432596431808e-78
"Gm13375",1.48174924310705e-82,7.6392164887094,0.011,0,3.71756067603127e-78
"Mir7091",1.52144532195077e-82,5.11858118488262,0.011,0,3.81715416824228e-78
"E130307A14Rik",1.67964047654197e-82,3.6642785300433,0.019,0.002,4.21404999159616e-78
"Nphp3",1.93244133379854e-82,1.96713467950419,0.021,0.002,4.84830206236717e-78
"Usp39",2.45270285036013e-82,1.02390432991058,0.132,0.06,6.15358618126853e-78
"Tmx4",2.54933919869969e-82,1.08980389787965,0.145,0.068,6.39603711561766e-78
"Atp8b5",2.82951551773327e-82,7.20187434969579,0.011,0,7.098971482441e-78
"Dak",2.93201374545251e-82,6.28594076779362,0.011,0,7.35612928596581e-78
"5830454E08Rik",4.99461677225029e-82,6.5030685987807,0.012,0,1.25309940198987e-77
"E030011O05Rik",6.84176054565139e-82,8.2183212156806,0.011,0,1.71652930329848e-77
"Cntrob",1.28563975127399e-81,4.80174964666635,0.014,0,3.22554157197131e-77
"A230103J11Rik",1.89693143830305e-81,5.95562143042314,0.013,0,4.75921128555852e-77
"Cdc27",2.18585188782101e-81,1.00747423855972,0.094,0.036,5.48408380135413e-77
"Eif2b3",3.50003084964766e-81,1.05417632718357,0.097,0.038,8.78122739868102e-77
"4833419F23Rik",3.77689717762248e-81,7.19411125394111,0.011,0,9.47585732893703e-77
"Epb4.1l5",3.77826444085026e-81,7.92179883101616,0.011,0,9.47928765564923e-77
"Neurl3",5.98934525045357e-81,-6.35613913611155,0.004,0.072,1.5026668298863e-76
"Msh3",6.03611677403779e-81,1.20067313897646,0.072,0.024,1.51440133743834e-76
"Pcdhga6",6.15595793711184e-81,2.78000967108169,0.027,0.004,1.54446828684199e-76
"Gm6297",7.14208696675933e-81,8.21757926390788,0.011,0,1.79187819909025e-76
"A930013F10Rik",7.3142569848802e-81,8.12939132377006,0.011,0,1.83507393493659e-76
"Pdk4",1.08654000006104e-80,1.84659282831223,0.034,0.006,2.72602020615314e-76
"Pcdhgc4",1.67357491162136e-80,2.93245984290914,0.027,0.004,4.19883209576682e-76
"9430091E24Rik",1.74050187352387e-80,8.06566607502942,0.01,0,4.36674515048403e-76
"5730416F02Rik",1.74050187352387e-80,4.35580601584994,0.01,0,4.36674515048403e-76
"Tbxa2r",1.8662729251149e-80,-1.63695966047343,0.101,0.206,4.68229214182076e-76
"Prune2",1.87517794190049e-80,2.11959232083577,0.035,0.007,4.70463393843414e-76
"Snora31",2.34460912215414e-80,4.11631152525059,0.014,0,5.88238982657252e-76
"Rcn1",2.92602094734567e-80,-1.56088693333161,0.097,0.201,7.34109395479555e-76
"Nos1ap",3.74027612628115e-80,-4.69256070615365,0.011,0.084,9.38397877322678e-76
"Efcab7",4.22560388333125e-80,5.25800126275364,0.013,0,1.06016175828898e-75
"A930007I19Rik",4.33596355653532e-80,7.31260614034261,0.011,0,1.08784989669915e-75
"Trp53rk",4.3777275466028e-80,7.69267739736183,0.011,0,1.09832806416718e-75
"Neb",4.83106640026271e-80,6.93819260778305,0.012,0,1.21206624916191e-75
"Klhl31",5.27219140301622e-80,2.94067348083273,0.02,0.002,1.32274010110274e-75
"Mapt",5.40650863877077e-80,-5.91920382958336,0.007,0.077,1.3564389523812e-75
"Arsb",7.23127260188224e-80,1.33160034593002,0.059,0.017,1.81425398308624e-75
"Sesn3",9.00786071068745e-80,1.62182764116612,0.053,0.014,2.25998217370437e-75
"Prkci",9.17189997938946e-80,1.18909167557182,0.081,0.029,2.30113798582902e-75
"Acad11",9.70395765387458e-80,1.76638356178167,0.058,0.017,2.43462593578059e-75
"Wdr19",1.50229813217414e-79,2.33002812306795,0.023,0.003,3.7691157838117e-75
"Stard7",1.79802359158874e-79,1.05554109757525,0.155,0.077,4.51106138893698e-75
"Mir6970",1.83513100632091e-79,4.8100566174631,0.011,0,4.60416018175853e-75
"Adamts5",2.15857869773969e-79,-4.68410587549495,0.015,0.089,5.41565809475911e-75
"Hist1h4h",2.26739520576433e-79,1.18167657794648,0.041,0.009,5.68866783174213e-75
"Atp7a",2.3199956739893e-79,1.0933566280434,0.068,0.022,5.82063714647176e-75
"Heatr5a",2.57977775006084e-79,1.00256266004554,0.093,0.036,6.47240439712764e-75
"Cd74",3.19186745378848e-79,-5.61744966059302,0.01,0.081,8.00807625480991e-75
"Pmel",3.5527419339849e-79,3.96443123679259,0.016,0.001,8.91347423817472e-75
"Als2",3.67944244798418e-79,2.51860420960675,0.025,0.003,9.23135315774751e-75
"9330175E14Rik",4.42770847266589e-79,5.86366792502797,0.01,0,1.11086777870715e-74
"Gm6981",4.42770847266589e-79,5.99139412883901,0.01,0,1.11086777870715e-74
"Gm6682",4.42770847266589e-79,4.86270275880623,0.01,0,1.11086777870715e-74
"Ebf4",4.86674221521889e-79,6.77992385240918,0.011,0,1.22101695437627e-74
"Fam53b",6.04994407340836e-79,-1.79454928557322,0.09,0.19,1.51787046857742e-74
"Polh",6.1477588690862e-79,6.38601378935218,0.013,0,1.54241122266504e-74
"Phf11d",6.30246224566509e-79,-1.72798539131449,0.095,0.197,1.58122475281491e-74
"Sez6",6.6786082791564e-79,8.6345069151798,0.012,0,1.67559603115755e-74
"Ppip5k1",7.44417824501827e-79,1.14950264452298,0.064,0.02,1.86766987989263e-74
"Npl",8.14172492951627e-79,-6.49606915191157,0.003,0.068,2.04267736756634e-74
"Ikbkg",8.23612935131722e-79,1.44068824623975,0.078,0.028,2.06636249295198e-74
"Zfa-ps",9.29674083017572e-79,4.27795293907602,0.012,0,2.33245930688279e-74
"Klk8",9.34027066971868e-79,-2.41237829122839,0.042,0.129,2.34338050832572e-74
"Mir6919",1.09916971040437e-78,4.49282920451842,0.01,0,2.75770688643352e-74
"Gm10837",1.10119719933754e-78,9.13048202557141,0.01,0,2.76279365341796e-74
"BC064078",1.113440688056e-78,7.8138141534593,0.01,0,2.79351134226369e-74
"Rnf139",1.47620728757328e-78,1.15247145911793,0.131,0.06,3.7036564637926e-74
"Kif20a",1.76664222546799e-78,2.74409869159574,0.019,0.002,4.43232867947664e-74
"Zfp503",1.93345915177813e-78,-2.22352087825968,0.055,0.146,4.85085566589616e-74
"Etohd2",2.42269742761532e-78,5.55786803138809,0.011,0,6.07830557614408e-74
"Mir7069",2.44469006232869e-78,4.74968440829942,0.011,0,6.13348289737645e-74
"Aagab",3.12079824600172e-78,1.40618033860115,0.078,0.028,7.82977071939372e-74
"Slc27a1",3.12753947299249e-78,1.33001600735301,0.06,0.018,7.84668378379086e-74
"Snord49b",3.2610195664472e-78,2.61643934677588,0.016,0.001,8.18157199025939e-74
"Gm26840",3.50253773714035e-78,3.34354692217401,0.024,0.003,8.78751692871142e-74
"Itga9",4.13868139899552e-78,-5.04675846349818,0.012,0.083,1.03835377619399e-73
"Acsbg2",4.60773851532529e-78,6.15883519607073,0.011,0,1.15603551610996e-73
"Sfxn4",5.02415802001315e-78,2.01613691271179,0.041,0.009,1.2605110056411e-73
"Pcdhga3",5.10666790335948e-78,2.91997260443628,0.027,0.004,1.28121191027386e-73
"Acp5",5.89266250992866e-78,7.50434612556645,0.015,0.001,1.478410097116e-73
"Fam124a",8.86867138355508e-78,-4.59826376698359,0.01,0.079,2.22506096342013e-73
"Zfp809",1.23941680930941e-77,1.42625324987255,0.04,0.009,3.10957283287637e-73
"Brms1l",1.41697210410823e-77,1.14490425932015,0.1,0.041,3.55504131199713e-73
"Utp6",1.42557418949458e-77,1.09202781521333,0.086,0.032,3.57662308402295e-73
"Timm8a1",1.55103821708748e-77,3.13689482071186,0.013,0,3.89139978285078e-73
"Dnajb13",2.12246010729277e-77,6.5623178687668,0.012,0,5.32504016318684e-73
"Rtn4ip1",2.42917378276139e-77,2.83693376859801,0.021,0.002,6.09455410357004e-73
"Lrrn1",2.55374607716161e-77,-6.79322090756558,0.001,0.064,6.40709353299076e-73
"Gm8580",2.79760025051777e-77,4.7760802787335,0.01,0,7.01889926852404e-73
"Cabyr",2.81206813573167e-77,8.77661210276676,0.01,0,7.05519774573719e-73
"Gm19522",2.81829147415387e-77,8.09500915050948,0.01,0,7.07081147950465e-73
"Zfp934",2.93252907115389e-77,5.97619034410207,0.012,0,7.357422186618e-73
"Ttc12",4.11430501317508e-77,2.14749699474219,0.037,0.008,1.0322379847555e-72
"Gm5124",5.78237710280376e-77,2.32231569012359,0.014,0.001,1.45074059132244e-72
"Snora70",6.06612377434554e-77,6.8061408697437,0.01,0,1.52192979374555e-72
"Hlcs",7.32847220487283e-77,1.88462379020488,0.032,0.006,1.83864039148054e-72
"Zfyve1",1.1051809391722e-76,1.23396700880434,0.039,0.008,2.77278845828913e-72
"Wdr62",1.14026583112289e-76,9.28400824687372,0.011,0,2.86081294370421e-72
"Tbp",1.28764320427459e-76,1.03563174769485,0.095,0.038,3.23056803520451e-72
"Zw10",1.4084512366731e-76,1.46157921486927,0.081,0.029,3.53366330768915e-72
"Gm16675",1.98445936964887e-76,6.18396094378921,0.011,0,4.97881011251205e-72
"Capn7",2.02472249481269e-76,1.43140729685439,0.099,0.041,5.07982626723557e-72
"Hist1h2be",2.84287601287928e-76,2.00002866831658,0.029,0.005,7.13249162871282e-72
"Abi3bp",2.96015218733491e-76,-1.65340529515263,0.027,0.106,7.42672582280455e-72
"Foxd2os",3.05266924520697e-76,5.95648789121478,0.013,0,7.65884186929978e-72
"Nupr1",3.48712909702058e-76,-3.0185531809764,0.028,0.106,8.74885819151494e-72
"Gm26917",3.61195783353848e-76,-1.25225747110445,0.186,0.302,9.0620410085647e-72
"Unc119",3.7464688211392e-76,-6.16578500053063,0.003,0.066,9.39951562535613e-72
"Gm20605",4.12057626984551e-76,6.27009742448686,0.011,0,1.03381138034154e-71
"Sema4b",4.23097398488514e-76,-5.21013297026029,0.016,0.088,1.06150906306783e-71
"Snord32a",4.29761850652298e-76,4.26133201627703,0.013,0,1.07822950710155e-71
"Zfp78",6.23305793380928e-76,6.06585785956332,0.012,0,1.56381190501341e-71
"Mmp24",8.26366462979534e-76,2.01015444033723,0.019,0.002,2.07327081896935e-71
"Rgs22",1.57845493807171e-75,3.5882081424617,0.01,0,3.9601855941281e-71
"Lmbrd2",1.62776131878102e-75,6.40712447515103,0.013,0.001,4.08389037268971e-71
"Acvr1",2.04975865800456e-75,1.21476927823216,0.089,0.035,5.14263949706763e-71
"Tfb1m",3.55654711303218e-75,4.61323151794417,0.013,0,8.92302105188643e-71
"Tmem135",3.67331944077582e-75,1.09159598150218,0.088,0.034,9.21599114496246e-71
"Prx",4.22153532404816e-75,-6.74754263240701,0.004,0.068,1.05914099745044e-70
"Chst15",4.46718085922819e-75,-1.83415453958077,0.063,0.155,1.12077100577176e-70
"Fam214a",4.53153514830866e-75,1.40983505250142,0.068,0.023,1.13691685335916e-70
"4930550C14Rik",4.9503376859391e-75,6.80127790375633,0.011,0,1.24199022202526e-70
"Serpina3g",5.65095342112049e-75,-4.94805134255131,0.008,0.075,1.41776770382492e-70
"Srms",6.42068698286189e-75,1.92344790288715,0.049,0.013,1.61088615713022e-70
"Lcn2",6.97219783726235e-75,-2.59838259740616,0.04,0.122,1.74925471539075e-70
"Gm16880",7.2896340141883e-75,9.39536694579623,0.01,0,1.8288962778197e-70
"Mir7038",7.2896340141883e-75,4.26348581374348,0.01,0,1.8288962778197e-70
"1700073E17Rik",7.2896340141883e-75,9.38827564479994,0.01,0,1.8288962778197e-70
"Mir6947",7.2896340141883e-75,4.47775013330892,0.01,0,1.8288962778197e-70
"Brpf3",1.30447161971821e-74,1.13281207791754,0.047,0.012,3.27278884671101e-70
"Atp5g1",1.37490921267436e-74,-1.07857311068801,0.377,0.446,3.4495097236787e-70
"Ntn3",1.81540919377817e-74,8.39761090074176,0.01,0,4.55468012627005e-70
"9330133O14Rik",1.82277633596721e-74,7.88924802074622,0.01,0,4.57316354930813e-70
"Mief1",2.34255582163231e-74,1.53284494281827,0.063,0.02,5.87723830089331e-70
"Amz1",2.79972680619358e-74,2.74951126333635,0.027,0.004,7.02423458405908e-70
"Peak1",4.66250190770175e-74,-1.49266201116983,0.126,0.227,1.16977510362329e-69
"Arsg",5.36140991207845e-74,5.54559684088365,0.013,0.001,1.34512413284136e-69
"Cecr2",5.90879643330341e-74,1.14867070570923,0.062,0.02,1.48245793715149e-69
"Zswim1",6.43740209312286e-74,1.05557031731126,0.063,0.02,1.61507981114359e-69
"Pex5",6.83979949214623e-74,1.17176476670574,0.088,0.034,1.71603729458457e-69
"Zfp317",7.40297630354976e-74,1.31890347543757,0.065,0.021,1.8573327247976e-69
"Uroc1",7.43248639765316e-74,2.86366378853847,0.01,0,1.8647365123072e-69
"Nek4",7.92541979198201e-74,5.19984568855561,0.013,0,1.98840857161037e-69
"Mtrf1l",1.01731441995554e-73,1.49078527278276,0.058,0.018,2.55234014822646e-69
"Chst1",1.21206427276992e-73,-5.67707327938328,0.005,0.067,3.04094805395245e-69
"E230016M11Rik",1.28873034763583e-73,3.38174236223737,0.017,0.001,3.23329556918353e-69
"Manba",1.4079650926858e-73,1.08147888489676,0.117,0.052,3.53244362103941e-69
"Tbc1d19",1.59993284152235e-73,1.07730908288237,0.097,0.04,4.01407150609543e-69
"Reep1",1.70600738038414e-73,1.45337355490507,0.098,0.041,4.28020191664577e-69
"Hmgxb3",1.79899635010969e-73,1.34916576976573,0.051,0.014,4.5135019427902e-69
"Nsl1",1.83920890210182e-73,6.74390031097377,0.011,0,4.61439121448325e-69
"1700001J11Rik",1.85450635978178e-73,5.4922224728788,0.01,0,4.6527710060565e-69
"Gcnt1",2.38664770492457e-73,1.83944843865588,0.027,0.004,5.98786042688526e-69
"Dcun1d4",2.59991786959503e-73,1.46017763183858,0.056,0.017,6.52293394302696e-69
"Brdt",2.85978983789211e-73,2.56994097498951,0.025,0.004,7.17492672428752e-69
"Epb41l2",2.87869704209508e-73,-1.49456820604193,0.062,0.155,7.22236300891235e-69
"Tnfrsf1b",2.93045078617726e-73,1.19618670292599,0.084,0.032,7.35220797744013e-69
"Ttc37",3.14715123213109e-73,1.6777920545509,0.03,0.005,7.89588772629369e-69
"Mrgpre",3.21310935752348e-73,1.33635532889884,0.059,0.018,8.06137006709067e-69
"Zfp862-ps",3.27533767599601e-73,3.62011724110207,0.015,0.001,8.21749469530639e-69
"Rpusd2",3.60805512835842e-73,5.473911802423,0.011,0,9.05224951153845e-69
"Pus10",4.32499525171303e-73,1.41949904716195,0.046,0.012,1.08509805870228e-68
"Snord33",4.58784910177421e-73,5.25116446157171,0.01,0,1.15104546114413e-68
"4930455C13Rik",4.64390896863378e-73,5.32432918138765,0.01,0,1.16511032114053e-68
"Gm7444",4.64561837147072e-73,6.41893845380184,0.01,0,1.16553919321829e-68
"Eef2k",6.36055956255444e-73,1.15961204293017,0.079,0.029,1.59580078864928e-68
"Nup133",6.51521928194739e-73,1.16404000260726,0.075,0.027,1.63460336564778e-68
"Il1rap",6.54837900577441e-73,2.61190494859222,0.031,0.006,1.64292280875874e-68
"Ctns",6.92077902939918e-73,1.21831085702457,0.076,0.028,1.73635425068596e-68
"Zfp953",7.61907845756604e-73,4.25357792117475,0.013,0.001,1.91155059421874e-68
"Rccd1",1.18664717602079e-72,1.91339953026219,0.033,0.007,2.97717909991855e-68
"Cipc",1.20017508721809e-72,1.22741255404482,0.076,0.028,3.01111927632147e-68
"Wdfy2",1.69140877810461e-72,5.24952978273105,0.013,0,4.24357548338666e-68
"Rnf149",1.77229514605248e-72,1.43950618168638,0.08,0.03,4.44651129193107e-68
"Snord47",1.82418758263904e-72,4.35362477620682,0.013,0,4.57670422608309e-68
"Zfhx3",2.45088554867498e-72,-2.59089805780345,0.074,0.161,6.14902675307066e-68
"Aldh3a2",3.0770199726821e-72,1.0664583546353,0.136,0.066,7.71993540946211e-68
"Arrdc4",3.32036944463075e-72,-3.45217962437175,0.014,0.082,8.33047489963408e-68
"Lama2",4.16049401328284e-72,2.7494254396071,0.029,0.005,1.04382634299253e-67
"Wdr7",4.53789063673749e-72,1.63609413180381,0.054,0.016,1.13851138185107e-67
"Cped1",4.55614885425955e-72,-3.04928605699291,0.03,0.106,1.14309218604518e-67
"D130040H23Rik",6.27371924912496e-72,5.30044366852256,0.011,0,1.57401342241296e-67
"Hspbap1",7.47946745770935e-72,2.55016487523149,0.028,0.005,1.8765235904647e-67
"9130019P16Rik",8.47643220631218e-72,6.50859845394484,0.011,0,2.12665207624166e-67
"2900005J15Rik",8.75030018063195e-72,5.60102435405067,0.011,0,2.19536281231875e-67
"Mocos",8.78062621744984e-72,1.57299725908938,0.049,0.014,2.20297131169599e-67
"Snora64",9.02659620001554e-72,5.02900025009259,0.011,0,2.2646827206219e-67
"H2-Aa",9.35679609870864e-72,-5.31417348997884,0.005,0.066,2.34752657320501e-67
"Figf",1.12943342288592e-71,1.30932791087801,0.032,0.006,2.83363551467848e-67
"4931406H21Rik",1.17615444729376e-71,8.31251451051494,0.01,0,2.95085389281532e-67
"Lins",1.17962106539236e-71,8.06581639722637,0.01,0,2.9595512909629e-67
"Ackr2",1.20822762167739e-71,-3.58922647896953,0.007,0.07,3.0313222800264e-67
"Zfp229",1.25204552862182e-71,1.83099729403109,0.036,0.008,3.14125702675927e-67
"Isoc1",1.3791796562065e-71,1.38289000461847,0.085,0.033,3.46022383945648e-67
"Pthlh",1.99197432025544e-71,1.65320964074024,0.033,0.007,4.99766437208887e-67
"Kif3b",2.3827505393302e-71,1.36025812288762,0.063,0.021,5.97808282812555e-67
"Mir3094",2.49655172634499e-71,4.65275318752728,0.01,0,6.26359862622694e-67
"Mmp19",3.36114327771296e-71,4.11003251020633,0.02,0.002,8.43277236945404e-67
"Otud3",5.66379328351514e-71,2.61882671563029,0.021,0.003,1.42098909690111e-66
"Rspo3",6.0838494504222e-71,-9.12488857743892,0.004,0.063,1.52637698861642e-66
"Tpbgl",7.16550447937271e-71,-6.29213312353678,0.005,0.067,1.79775341882982e-66
"Oasl1",1.04563606597315e-70,1.18372345197269,0.058,0.018,2.62339632592003e-66
"Fgl2",1.18378272921024e-70,-5.41616654378769,0.012,0.077,2.96999248931556e-66
"Ntng2",1.50165336231093e-70,2.94820525968678,0.015,0.001,3.76749812070189e-66
"Snord35a",1.50351663367818e-70,5.58534463343653,0.01,0,3.77217288223518e-66
"Ntm",1.59438424013865e-70,6.01223696086675,0.012,0,4.00015062008386e-66
"Lipt1",1.83274287492893e-70,5.71759758970587,0.011,0,4.59816859890919e-66
"Abhd1",1.92747961675171e-70,3.59858726466969,0.017,0.002,4.83585361046838e-66
"Catsper2",1.94414446785942e-70,4.866235101408,0.011,0,4.87766405541249e-66
"Clec14a",2.07123510478415e-70,-1.04652643044133,0.408,0.479,5.19652175439296e-66
"Gm5127",2.79121846515701e-70,3.53859475032479,0.02,0.002,7.00288800723243e-66
"Lrp1",2.99866654006496e-70,2.40972513298285,0.038,0.009,7.52335448236898e-66
"Vps16",3.35242106199768e-70,1.06051092744934,0.113,0.051,8.41088920244598e-66
"Pdia5",5.70952297376279e-70,-2.19734230946754,0.047,0.129,1.43246221888735e-65
"Gstm2",5.73812744296976e-70,-1.72399081554572,0.103,0.196,1.43963879416668e-65
"Spidr",5.93099579421538e-70,1.47140783845841,0.054,0.016,1.4880275348107e-65
"Klhl42",6.2138587638551e-70,1.29556745232585,0.055,0.017,1.55899502526361e-65
"6030458C11Rik",6.79644259515261e-70,1.26150624266542,0.072,0.026,1.70515948269784e-65
"Fntb",9.95374972327589e-70,1.17735744413008,0.062,0.02,2.49729626807269e-65
"Dhdh",1.09695973819354e-69,4.57340496654807,0.016,0.001,2.75216228715378e-65
"Aard",1.41846097106298e-69,-7.05765585000344,0.001,0.058,3.55877673029991e-65
"Hoxd4",1.52465103552133e-69,-8.94615650702087,0.001,0.057,3.82519698301946e-65
"Nrg4",2.04205842615921e-69,1.85832426343338,0.015,0.001,5.12332038539084e-65
"Gm11974",2.79467544472043e-69,6.04467369206012,0.01,0,7.01156122325909e-65
"Tmem8b",2.79571940577759e-69,2.7414399407064,0.021,0.003,7.0141804171554e-65
"B3galnt1",3.39532822422809e-69,1.72451121444227,0.045,0.012,8.51853898176586e-65
"Thtpa",3.74527652115083e-69,1.36775853949886,0.067,0.023,9.39652426391532e-65
"Adcy9",3.81661286370643e-69,1.66800349772437,0.052,0.016,9.57550001375307e-65
"Vav3",4.53912833974303e-69,-4.94735540086762,0.004,0.064,1.13882190915813e-64
"Tmem81",4.54442963033038e-69,4.85589481836904,0.01,0,1.14015194995359e-64
"E130317F20Rik",4.70191874389077e-69,6.76329744623107,0.011,0,1.17966439365476e-64
"Rpl10-ps3",5.0416317488252e-69,-1.15343911228389,0.138,0.245,1.26489498946275e-64
"Nr5a1",6.84727935191999e-69,-9.76479201363425,0,0.056,1.71791391660321e-64
"P2ry14",7.05290030566207e-69,2.1302644528411,0.024,0.004,1.76950215768756e-64
"Slfn5os",7.36543898292739e-69,-2.31132905112718,0.024,0.003,1.84791498642665e-64
"Etfdh",8.01258253294978e-69,1.03059556655111,0.148,0.076,2.01027683169177e-64
"Scara3",9.28541375081033e-69,2.50242321080229,0.03,0.006,2.3296174559408e-64
"Abcb6",9.37958880401775e-69,2.6145117342119,0.032,0.006,2.35324503504001e-64
"Rhoq",9.65553430602553e-69,1.17331201330523,0.081,0.031,2.42247700203874e-64
"Tubgcp2",1.52366762273598e-68,1.11896524631795,0.082,0.032,3.82272969868229e-64
"Gm15787",1.7528282412019e-68,4.13781892010855,0.012,0,4.39767077435144e-64
"Chst7",2.3538372048321e-68,-3.33459586635269,0.015,0.081,5.90554216320326e-64
"4933421O10Rik",2.77410684280381e-68,3.81551147599099,0.015,0.001,6.95995665791049e-64
"Dcun1d2",2.8052429315833e-68,1.09120931479723,0.074,0.027,7.03807399104934e-64
"Gm16143",2.88545342872591e-68,8.01209902662804,0.01,0,7.23931410733042e-64
"Lyrm5",3.75155750056723e-68,1.11928495368833,0.095,0.04,9.41228261317312e-64
"Snhg18",4.35649850131576e-68,1.36705479583248,0.046,0.013,1.09300190899511e-63
"Hspg2",6.05649542218214e-68,-1.54465826922511,0.326,0.38,1.51951413647128e-63
"Gas2l3",6.82545335876591e-68,8.01392641786967,0.01,0,1.71243799318078e-63
"AW549542",9.26120160671731e-68,5.53946501553614,0.01,0,2.32354287110931e-63
"Vps33a",9.99450759833265e-68,1.3276542805064,0.078,0.03,2.50752201134568e-63
"Fam73a",1.00526320078744e-67,1.22146877634497,0.061,0.02,2.52210484445562e-63
"Lrrc29",1.07235488903757e-67,3.42364233802241,0.01,0,2.69043118110636e-63
"Lonrf3",1.11636399528054e-67,6.61731787058673,0.011,0,2.80084562775935e-63
"Meis1",1.1370594777127e-67,-5.3769026020148,0.009,0.07,2.85276852363339e-63
"Enpp6",1.25731451838743e-67,-5.98839887977341,0.002,0.058,3.15447639518222e-63
"Scrn3",1.27026392773909e-67,1.11338897955823,0.068,0.024,3.18696516830461e-63
"Lgmn",1.30451192406076e-67,-1.88260132733548,0.124,0.216,3.27288996627604e-63
"Gpsm2",1.93860993534264e-67,3.94432634958893,0.017,0.002,4.86377846678115e-63
"Gata6",1.94332687904595e-67,-5.31978052288796,0.005,0.064,4.87561280683838e-63
"Dgkq",2.85929615603709e-67,1.27177687366986,0.046,0.013,7.17368812588145e-63
"Golph3l",2.86978465800241e-67,1.1479134172868,0.108,0.049,7.20000272846225e-63
"Aco1",3.40190604631071e-67,1.09094747470436,0.093,0.039,8.53504207958894e-63
"Dcp1a",4.21014529199329e-67,1.45239425619613,0.051,0.015,1.0562833523082e-62
"Abcc10",5.53585391225616e-67,4.54719573360054,0.012,0,1.38889038804595e-62
"Rnls",5.76232145799785e-67,2.97944746002184,0.012,0,1.44570883059708e-62
"Pafah2",7.69128981394733e-67,2.29731795741815,0.028,0.005,1.92966770142125e-62
"Tubb2a-ps2",1.19154577310226e-66,4.22895074291285,0.01,0,2.98946919013626e-62
"6230400D17Rik",1.50892121854145e-66,4.90416501300806,0.011,0,3.78573244519864e-62
"Zfp526",1.92398665538121e-66,4.74061001247896,0.011,0,4.82709011968591e-62
"Atad5",2.17306678622121e-66,6.88414259263634,0.01,0,5.45200725995039e-62
"Tenm2",2.17884961738917e-66,6.65269427436192,0.01,0,5.46651580506768e-62
"1700109K24Rik",2.18682606152619e-66,6.32900593092792,0.01,0,5.48652790576305e-62
"Pim2",2.22931811727861e-66,5.40328287143545,0.011,0,5.5931362244403e-62
"Yy2",2.54624936996801e-66,6.25373014128729,0.01,0,6.38828504431274e-62
"Sntb2",2.68171785737432e-66,-1.56379512389527,0.078,0.165,6.72816193236644e-62
"Arel1",2.98682332962227e-66,1.34930301827046,0.055,0.017,7.49364105168931e-62
"Fzd1",3.41731342286402e-66,1.98003748912751,0.035,0.008,8.57369764662353e-62
"Tmem161b",3.55210011793787e-66,1.12321073622599,0.059,0.019,8.91186398589431e-62
"Scn7a",3.88525861765135e-66,-4.35709795314568,0.013,0.075,9.74772534582548e-62
"Eml6",3.96353800033627e-66,1.90087680599579,0.025,0.004,9.94412048904366e-62
"Hhat",4.16672863782936e-66,4.21188706342737,0.017,0.002,1.04539054794501e-61
"Ttr",4.3698141061411e-66,2.22312634036906,0.023,0.003,1.09634266108974e-61
"Eme2",4.95264550310276e-66,1.31075734654396,0.03,0.006,1.24256923027345e-61
"Ptpru",7.56875163555879e-66,-4.67908187793627,0.014,0.076,1.89892409784535e-61
"Gstp2",7.93493694978261e-66,2.43851918810779,0.016,0.001,1.99079633133096e-61
"Kdm1b",1.13286517792129e-65,1.6615599378428,0.037,0.009,2.84224544488672e-61
"Eid2",1.95877859796855e-65,1.27295520488003,0.024,0.004,4.9143796244433e-61
"Mrpl23",2.22230732449254e-65,-1.20138265755916,0.165,0.266,5.57554684641933e-61
"Aplf",2.24176841008053e-65,2.79611260296166,0.025,0.004,5.62437276405104e-61
"Txlnb",2.34434639880974e-65,3.67002689411727,0.011,0,5.88173067997375e-61
"B3galnt2",3.4276524643145e-65,1.08090088782407,0.073,0.027,8.59963726771865e-61
"Cdc7",3.76296669281666e-65,4.79706106461235,0.017,0.002,9.44090713560771e-61
"4933428G20Rik",4.18117554657983e-65,5.90177553520318,0.01,0,1.04901513288141e-60
"Tnfrsf18",4.21376601286735e-65,5.88366494482078,0.01,0,1.05719175496829e-60
"Tapt1",4.60367755647712e-65,1.09315852942529,0.086,0.035,1.15501666214455e-60
"Ormdl1",5.03605783497267e-65,1.03868858379002,0.083,0.033,1.26349655021629e-60
"Osr2",5.38339957636515e-65,6.70692456855054,0.014,0.001,1.35064111971425e-60
"4833417C18Rik",6.14261262104092e-65,6.55496202586072,0.01,0,1.54112008049296e-60
"Rrp12",6.1486179784722e-65,5.0349433228564,0.01,0,1.54262676461889e-60
"Cda",9.4863895265725e-65,-5.96977660247786,0.002,0.056,2.38004026832178e-60
"Fem1b",1.01007449212885e-64,1.0917916322578,0.104,0.047,2.53417589330206e-60
"Zfp384",1.17476617171497e-64,-1.54464866524453,0.064,0.022,2.94737084821568e-60
"Stk17b",1.38725869156084e-64,1.30084866600727,0.058,0.019,3.48049333125699e-60
"Jpx",1.57343533805207e-64,1.18398049482297,0.032,0.007,3.94759191963885e-60
"Hoxd9",2.05900167692115e-64,-8.63219140216366,0.001,0.054,5.16582930722747e-60
"3110043O21Rik",2.09979504521911e-64,1.21921374678,0.056,0.018,5.26817578895023e-60
"Zfp563",3.55775220693047e-64,6.87781884419689,0.011,0,8.92604451196785e-60
"Smad3",4.71341310993333e-64,1.09601387588801,0.078,0.031,1.18254821515117e-59
"Serpini1",5.5933506981943e-64,1.58180427194837,0.024,0.004,1.40331575666997e-59
"Dsn1",7.01453397802375e-64,7.22539067241109,0.011,0,1.75987642974638e-59
"Sncg",7.98537562981202e-64,-2.07720188147994,0.077,0.159,2.00345089176354e-59
"Stk35",9.6690092995404e-64,1.15332614007127,0.054,0.017,2.42585774316169e-59
"Slc1a4",1.00708198200053e-63,6.415504673355,0.013,0.001,2.52666798464114e-59
"Tmem47",1.24298022247359e-63,-2.03673137558067,0.047,0.124,3.11851308016399e-59
"Acat3",1.28631490825394e-63,1.04822594458624,0.022,0.003,3.22723547331832e-59
"A430035B10Rik",1.53258838879172e-63,5.46562906407484,0.01,0,3.84511100863954e-59
"Zfp939",1.56009977857517e-63,7.75960226519945,0.01,0,3.91413433446725e-59
"Stk32c",1.90044797244477e-63,-8.67149596917016,0.001,0.052,4.76803391806669e-59
"Lmntd1",1.98752315506658e-63,2.09583963820732,0.05,0.016,4.98649684374655e-59
"Il4ra",2.15065079365478e-63,-1.67877806207925,0.058,0.139,5.39576777620047e-59
"Vegfa",2.46533223847935e-63,-5.90202179487527,0.006,0.062,6.18527205312083e-59
"Spata1",3.41410616460653e-63,1.09842706700713,0.031,0.007,8.56565095638133e-59
"Bbs7",3.78655425763201e-63,1.79703652882202,0.039,0.01,9.50008597697294e-59
"Fam187b",3.80643697298063e-63,2.36331502522225,0.02,0.003,9.5499697215111e-59
"Entpd2",4.1829520955986e-63,4.36545108838235,0.025,0.004,1.04946085126473e-58
"Mustn1",4.25547561078284e-63,-2.49036443689766,0.037,0.108,1.06765627598931e-58
"Rad54l",5.16264597855453e-63,3.63452137887955,0.015,0.001,1.29525624955955e-58
"1500004A13Rik",7.25276244456973e-63,2.62065706001433,0.015,0.001,1.8196455697181e-58
"Prelp",7.45996673043792e-63,-1.15716578478483,0.028,0.098,1.87163105299957e-58
"Smco1",9.58220399682645e-63,2.52199913972253,0.022,0.003,2.40407916076379e-58
"Abhd17b",1.11647526545901e-62,-1.59609742797823,0.068,0.152,2.80112479351011e-58
"Dclk2",1.59428971866181e-62,1.425595398841,0.02,0.003,3.9999134751506e-58
"Ccdc88c",2.17339318569817e-62,4.19860439029735,0.01,0,5.45282616359813e-58
"Svbp",2.58788775018393e-62,-1.08436028647441,0.13,0.229,6.49275157643646e-58
"Cep152",2.63440919760916e-62,5.56848519612385,0.01,0,6.60946923588162e-58
"Gm9776",3.15122564122942e-62,1.82291629437699,0.029,0.006,7.90611001128048e-58
"Fam89a",3.20300716561997e-62,-5.92190446473696,0.002,0.053,8.03602467782394e-58
"Zfp59",3.53946415312768e-62,6.18628792620169,0.01,0,8.88016161378204e-58
"Ptprd",3.91951477915873e-62,1.8402381998255,0.021,0.003,9.83367062943135e-58
"P2ry6",4.43777547977937e-62,-7.14409647209347,0.003,0.055,1.11339349012185e-57
"Tmem140",5.07492681369028e-62,-1.30215472259148,0.312,0.374,1.27324838828675e-57
"Tprn",5.35469740561703e-62,1.33872001103487,0.06,0.021,1.34344003209526e-57
"Clec1b",6.68110438620062e-62,-7.61008414731446,0.001,0.052,1.67622227945387e-57
"Gpt2",7.86262808148609e-62,5.32739937370845,0.012,0.001,1.97265475936405e-57
"Orc2",9.94269317454561e-62,1.0062187023705,0.079,0.032,2.49452229056175e-57
"Paox",1.17703232520405e-61,1.8995434096402,0.028,0.006,2.95305640070444e-57
"Smoc2",1.18317557486232e-61,5.22059405017688,0.022,0.003,2.96846919977208e-57
"Mettl25",1.23381991381221e-61,1.58984605895824,0.041,0.011,3.09553078176346e-57
"Trpv4",1.31082533882038e-61,1.01292399554278,0.094,0.042,3.28872969256646e-57
"Zfp595",1.44114003597704e-61,5.47410291194851,0.012,0.001,3.61567623626281e-57
"Wdr25",1.66311956975415e-61,5.29875895832138,0.011,0,4.17260068855619e-57
"Fancl",1.80106467005912e-61,1.19139452675033,0.05,0.016,4.51869115071132e-57
"9230114K14Rik",1.85105703727914e-61,4.83517361383318,0.012,0.001,4.64411700082962e-57
"Gchfr",2.08233756854798e-61,-7.3355529085392,0.002,0.053,5.22437672573002e-57
"Morn1",2.61135747044038e-61,5.51347125578158,0.012,0.001,6.55163475758786e-57
"Arl4c",2.72362157884024e-61,-6.43061285498286,0.003,0.054,6.83329417915227e-57
"1810030O07Rik",2.9588011832761e-61,1.04587353857991,0.118,0.058,7.42333628872142e-57
"2610005L07Rik",3.28436816570823e-61,2.57155239124634,0.019,0.002,8.24015129094537e-57
"Lrrc3b",3.33582471388134e-61,-9.99327496488661,0.001,0.051,8.36925062465689e-57
"Eln",3.35086994673593e-61,-1.07023232768478,0.11,0.199,8.40699760936578e-57
"Rsl1",3.47459282404489e-61,5.5160338559421,0.01,0,8.71740593624622e-57
"Urb2",4.04791678312192e-61,2.01061857441412,0.023,0.004,1.01558184171746e-56
"Pms1",7.19221958717442e-61,6.04642733877259,0.01,0,1.80445597222619e-56
"Nudt4",7.90841265370089e-61,-1.62930419379361,0.093,0.178,1.98414165068702e-56
"6430548M08Rik",8.3722417100157e-61,-1.96883151741001,0.038,0.11,2.10051172262584e-56
"Slc1a2",8.5540518158162e-61,8.26432222027195,0.01,0,2.14612606007013e-56
"Slc6a20a",8.7724347087298e-61,3.35683268513535,0.01,0,2.20091614407322e-56
"Kif5a",8.77972690497619e-61,6.9014157359962,0.01,0,2.20274568318948e-56
"D330041H03Rik",9.46479722387735e-61,2.54627891957802,0.019,0.003,2.37462297549859e-56
"Met",1.13228032244305e-60,-7.50432533118152,0.002,0.052,2.84077810097736e-56
"Dok1",1.21317005324069e-60,-3.96121194496159,0.008,0.063,3.04372234657558e-56
"D930048N14Rik",1.3601587767452e-60,1.50002071461362,0.035,0.009,3.41250235497604e-56
"Ptpre",1.46398323043738e-60,-2.58881247861628,0.026,0.091,3.67298752684434e-56
"Hoxb2",1.77201576861729e-60,-6.1921111226125,0.004,0.056,4.44581036188393e-56
"C920006O11Rik",2.04920504814364e-60,1.86208463050274,0.032,0.007,5.14125054528759e-56
"Ppm1l",2.12670745853503e-60,1.26286011478666,0.064,0.024,5.33569634271853e-56
"Phka2",2.21375109595244e-60,1.80359674795493,0.034,0.008,5.55408012463507e-56
"Tns3",2.56434134216067e-60,-4.66593340544341,0.017,0.078,6.4336759933469e-56
"Smpd5",2.68870132804126e-60,1.95606252644359,0.026,0.005,6.74568276192271e-56
"Dhx37",3.38071054494833e-60,2.06047780721027,0.028,0.006,8.48186468622087e-56
"3110001I22Rik",3.72395705656758e-60,3.5532691204118,0.016,0.002,9.34303585922241e-56
"Fkbp5",4.44472734752874e-60,-4.91361553701996,0.007,0.061,1.11513764422149e-55
"Zfp799",5.08814863154357e-60,2.98120089020199,0.027,0.005,1.27656561016797e-55
"Ap5z1",5.31520021423756e-60,1.51758926094111,0.04,0.011,1.33353058175006e-55
"Selenbp1",5.9398335832843e-60,-3.27721479420557,0.022,0.084,1.4902448477102e-55
"Zfp300",7.55835150788276e-60,7.78545891075547,0.01,0,1.89631480981271e-55
"Mrc2",7.60715762221836e-60,2.85109721695792,0.018,0.002,1.90855977583836e-55
"Abca2",8.26157115090642e-60,1.43950961253656,0.04,0.011,2.07274558605091e-55
"Uggt2",8.93054083254842e-60,1.64947738999777,0.037,0.01,2.24058338947807e-55
"Naalad2",1.00087772338875e-59,2.60603120454025,0.019,0.003,2.51110212021005e-55
"Zfp202",1.02377188285568e-59,6.34564758525259,0.01,0,2.56854127689662e-55
"Naif1",1.32233303321602e-59,1.51239863340044,0.02,0.003,3.31760134703568e-55
"Wrb",1.42671102667209e-59,1.09991541045578,0.082,0.034,3.57947529481761e-55
"Rps19-ps3",1.6402966344182e-59,6.25151984803274,0.01,0,4.11534022609183e-55
"Ero1lb",1.69337470814861e-59,1.51544058206498,0.037,0.009,4.24850780527405e-55
"Cldn15",1.82773463367087e-59,-5.56982185284268,0.005,0.056,4.58560342241685e-55
"Carhsp1",1.90708369760626e-59,-1.09906851479153,0.181,0.275,4.78468228892435e-55
"Rnf185",2.42501310035379e-59,1.13624978962897,0.115,0.056,6.08411536747763e-55
"Reln",2.44850698104176e-59,-6.26387737066946,0.007,0.06,6.14305916473567e-55
"Matn2",2.78655527491203e-59,4.07756473493937,0.025,0.004,6.9911885292268e-55
"Ehhadh",2.81130802537176e-59,4.71766413904832,0.012,0.001,7.05329070485521e-55
"Hivep3",3.27238502220588e-59,-4.29159483554751,0.014,0.072,8.21008678221232e-55
"1810014B01Rik",3.99290284739677e-59,1.80220095830771,0.027,0.005,1.00177939538337e-54
"Ifi204",4.86576455261e-59,-4.17144515897863,0.011,0.067,1.22077166860432e-54
"Gfra1",5.05693018059387e-59,6.59766261966198,0.011,0.001,1.2687332130092e-54
"Ncbp1",6.09925599647097e-59,1.05083571930786,0.09,0.04,1.5302423369546e-54
"Jazf1",6.52371117355698e-59,5.18182649447238,0.013,0.001,1.63673389633371e-54
"Mief2",6.96996102841328e-59,1.5087797268037,0.037,0.009,1.74869352241861e-54
"Ccdc181",7.16670632586435e-59,1.55937548103437,0.042,0.012,1.79805495009611e-54
"Gpm6a",7.18654039261854e-59,-3.7238055745069,0.008,0.061,1.80303111910407e-54
"Sdf2l1",8.77235817943325e-59,-1.8806640449955,0.06,0.137,2.20089694363801e-54
"Mmachc",1.65153041491456e-58,4.23657184031415,0.013,0.001,4.14352465797914e-54
"Hemk1",1.74775128473426e-58,1.82737302680072,0.033,0.008,4.38493319826978e-54
"C1qtnf6",2.39496836241855e-58,-4.27188665677529,0.016,0.074,6.00873612447191e-54
"2010007H06Rik",2.92989500832764e-58,1.64050240650071,0.022,0.004,7.35081358639321e-54
"Gm5113",3.21108070782096e-58,3.53620194658766,0.017,0.002,8.056280387852e-54
"9430069I07Rik",3.70005480857643e-58,4.02023782295894,0.015,0.002,9.2830675092374e-54
"Itga10",4.31055222004589e-58,3.84842601763294,0.013,0.001,1.08147444648731e-53
"Snora65",5.94750965312289e-58,4.13081042748691,0.011,0,1.492170696872e-53
"C1qtnf7",7.95801511163416e-58,-5.14467999458373,0.011,0.065,1.9965864113579e-53
"Col5a1",8.17143818595985e-58,3.3818167935537,0.023,0.004,2.05013212647547e-53
"Ralgapa2",8.46206103135465e-58,-2.44806957769705,0.04,0.109,2.12304649215657e-53
"Cyp51",1.33315548743506e-57,1.14033668265782,0.069,0.027,3.34475380242583e-53
"Swsap1",1.62672878793251e-57,1.48759950574704,0.046,0.014,4.08129985604389e-53
"Hyls1",1.81934158916306e-57,2.78773248300717,0.014,0.001,4.56454611305121e-53
"Slc19a2",2.37613981729423e-57,6.85219882073837,0.01,0,5.9614971876095e-53
"Prtg",3.29376747890427e-57,3.58566296246974,0.019,0.003,8.26373322782292e-53
"Ifitm7",3.62263502973266e-57,4.9183362112808,0.01,0,9.08882902609627e-53
"Mypop",3.74226988993513e-57,1.05374302162495,0.06,0.022,9.38898092685825e-53
"Nek3",4.40769287587874e-57,2.24698264119768,0.021,0.003,1.10584606562922e-52
"Shpk",5.07404346157623e-57,5.45809066109117,0.01,0,1.27302676407486e-52
"Pgap3",5.08303541206726e-57,4.95501367385145,0.01,0,1.27528275453356e-52
"Pydc3",5.2106780411542e-57,-6.33176827642491,0.001,0.049,1.30730701374518e-52
"Casp1",5.69982869710626e-57,-4.15570465426019,0.007,0.059,1.43003002181699e-52
"Rmdn2",6.26144142367394e-57,2.1969312698441,0.027,0.005,1.57093303878556e-52
"Fam120b",6.4889359058343e-57,1.36754879847024,0.069,0.027,1.62800912941477e-52
"Plxnc1",8.32725423238455e-57,-5.33313204373072,0.005,0.055,2.08922481436296e-52
"Spats2l",9.60445136021732e-57,-3.55559574910838,0.021,0.08,2.40966080176492e-52
"Gm26699",9.76815985722245e-57,-1.44938270089319,0.059,0.136,2.45073362657854e-52
"Zfp280b",9.79805445613677e-57,1.5062168873721,0.037,0.01,2.45823388250015e-52
"Cyp39a1",9.80465191297527e-57,1.6243561282052,0.042,0.012,2.45988911844636e-52
"St18",1.85856370254824e-56,-6.14245838060333,0.002,0.05,4.66295047332328e-52
"Apba1",2.98542225789351e-56,1.34863841401689,0.031,0.007,7.49012590282902e-52
"Rbks",3.06673201958009e-56,1.19612459558526,0.042,0.012,7.69412396392448e-52
"Nipal1",3.137383883488e-56,4.05546452163144,0.017,0.002,7.87138242528304e-52
"Tmem88b",3.16874521909679e-56,4.73613580160489,0.01,0,7.95006488019194e-52
"Rfx3",3.28240063580072e-56,1.34954229487656,0.039,0.011,8.23521495516044e-52
"Spata25",3.42246121300753e-56,4.35091192851231,0.01,0,8.5866129373146e-52
"Ccdc80",3.50164930781527e-56,-1.74883036554869,0.02,0.08,8.78528794837772e-52
"D930015M05Rik",5.00733425323781e-56,2.30822268890026,0.011,0.001,1.25629009079483e-51
"Elmod3",5.33441362544723e-56,1.28419200162521,0.061,0.023,1.33835103448845e-51
"St8sia2",6.71045397291641e-56,2.84795739808399,0.016,0.002,1.683585797265e-51
"Trim2",8.21019411752625e-56,-4.6462331228963,0.017,0.074,2.05985560214616e-51
"Hist2h2be",8.98302875913197e-56,2.35279979892327,0.021,0.003,2.25375208537862e-51
"Tmem18",9.34317800529114e-56,1.19026009953782,0.077,0.032,2.34410992974749e-51
"Fut10",1.17201857219761e-55,1.53021306525428,0.049,0.016,2.94047739578659e-51
"Ces2g",1.31380555879438e-55,-4.36894843903748,0.006,0.055,3.29620676645922e-51
"Ly96",1.60874750973065e-55,-1.45802523002572,0.103,0.186,4.03618662716322e-51
"Gm43352",2.48711409264688e-55,3.21045734645795,0.018,0.003,6.23992054704176e-51
"Nphp1",2.54878928554496e-55,1.38533904205226,0.05,0.017,6.39465743850376e-51
"Cdk20",2.88451384611804e-55,1.66939837766391,0.04,0.012,7.23695678852556e-51
"Pnpla7",3.38700411626437e-55,1.38473530829118,0.019,0.003,8.49765462729569e-51
"Pparg",3.57921352345641e-55,-7.71602016966291,0.004,0.052,8.97988880899978e-51
"Nov",3.78348492383389e-55,2.61875956515935,0.029,0.007,9.49238532540686e-51
"Sox11",4.12119241428602e-55,-7.16160385508939,0.002,0.048,1.03396596482022e-50
"Ift43",4.5462004057211e-55,-1.69407268906065,0.067,0.143,1.14059621979137e-50
"Mcm9",5.26158315506142e-55,2.11306918041972,0.021,0.003,1.32007859777336e-50
"Trim39",5.63963942778727e-55,1.05152249585477,0.066,0.026,1.41492913603755e-50
"Pik3c2b",6.21099000744223e-55,-4.37810739605006,0.016,0.072,1.55827528296718e-50
"Mtrr",6.23412131042814e-55,1.52053077570996,0.039,0.011,1.56407869557331e-50
"BC065397",7.55937500982518e-55,4.47114630112278,0.011,0.001,1.89657159621504e-50
"Abca9",8.4181451510145e-55,3.70347724383025,0.018,0.003,2.11202843693803e-50
"Ddr2",1.03531238930828e-54,1.89038690150549,0.033,0.008,2.59749525353556e-50
"Cdkl3",1.06147065050312e-54,2.04334940137515,0.017,0.002,2.66312371504728e-50
"Rlf",1.3696919160925e-54,1.08586703628021,0.068,0.027,3.43642004828449e-50
"Ofd1",1.38889707198796e-54,1.36791854506305,0.042,0.013,3.48460386391059e-50
"Heatr3",1.66421410957685e-54,1.38096975539135,0.061,0.023,4.17534677951736e-50
"Slfn8",1.68619647933297e-54,4.22651658345799,0.011,0.001,4.23049834699848e-50
"1600014C10Rik",2.21221982283929e-54,1.00070808267457,0.076,0.032,5.5502383135215e-50
"Slc35d2",2.36703153841124e-54,1.10804836177105,0.066,0.026,5.93864542671995e-50
"Gm15675",2.52003462353599e-54,-9.94582041080241,0,0.043,6.32251486698946e-50
"Mapkbp1",2.56832507166325e-54,1.60859628456602,0.029,0.007,6.44367077229593e-50
"Vamp1",3.07487135559278e-54,2.53232946204433,0.019,0.003,7.71454474404672e-50
"Apln",3.31006123658645e-54,-2.94451709988295,0.011,0.064,8.30461263647176e-50
"Vcan",4.41842670739443e-54,3.64585723491564,0.019,0.003,1.10853907661819e-49
"Klhl26",9.0606744564836e-54,1.26078225891994,0.054,0.019,2.27323261438717e-49
"Csf2rb",1.07110979712053e-53,-6.69671028365798,0.001,0.046,2.68730736999571e-49
"9830147E19Rik",1.11175713091579e-53,1.97802346115359,0.024,0.005,2.78928746575463e-49
"Bmp4",1.15093710624526e-53,-1.73716818403046,0.021,0.079,2.88758610585874e-49
"Lamb1",1.1955426415451e-53,-1.11407688814623,0.026,0.087,2.9994969333725e-49
"Gm28048",1.19718539106749e-53,2.98240562316261,0.019,0.003,3.00361842764921e-49
"Tor4a",1.20625718737706e-53,1.28353779576785,0.066,0.026,3.0263786574103e-49
"Aebp1",1.21746275837834e-53,-1.38291114487408,0.023,0.082,3.05449231449543e-49
"Pkd1l3",1.24070874447611e-53,2.97983895000131,0.014,0.002,3.11281416901612e-49
"Cep95",1.71025324813015e-53,1.1605469757587,0.035,0.009,4.29085437423373e-49
"Hoxb9",2.15855632926953e-53,-9.43645325788434,0.001,0.045,5.41560197450432e-49
"Aim1",2.29591403734869e-53,1.14458605908411,0.045,0.014,5.76021872830413e-49
"Csmd2",2.40056405126343e-53,4.81579147693006,0.013,0.001,6.02277514821483e-49
"Sorcs2",2.50507153159032e-53,5.50320629012873,0.012,0.001,6.28497396560696e-49
"Mest",3.6122161243715e-53,-3.28191971389826,0.011,0.062,9.06268903443567e-49
"Scpep1os",4.58702298275295e-53,2.55803414294152,0.019,0.003,1.15083819614289e-48
"Osgepl1",4.64915588947541e-53,1.11712441000905,0.067,0.027,1.16642672111048e-48
"Myoc",5.43570911264558e-53,3.63077334405853,0.018,0.003,1.36376505927165e-48
"Pamr1",5.96398880504145e-53,4.59157686518794,0.021,0.004,1.49630515129685e-48
"Setd4",6.18608731888247e-53,3.51185864937576,0.014,0.001,1.55202744743442e-48
"Arntl2",6.21715329021614e-53,4.44120730347675,0.012,0.001,1.55982158898233e-48
"Rpgr",6.99144112185599e-53,1.58832091595835,0.019,0.003,1.75408266306245e-48
"1700048O20Rik",9.3250131131873e-53,6.57154111222971,0.01,0,2.33955253996756e-48
"Abca8a",1.04009271979372e-52,4.15832103881026,0.02,0.003,2.60948862469046e-48
"Rasgef1a",1.07492656738577e-52,-3.2083822171262,0.022,0.079,2.69688326491417e-48
"Gm10653",1.23981258427897e-52,2.48316580731857,0.011,0.001,3.11056579269751e-48
"Herc3",1.43163568760965e-52,2.23313172306271,0.017,0.002,3.59183077664386e-48
"Cep76",1.47940362673442e-52,1.58833242825583,0.016,0.002,3.71167575911399e-48
"Abca6",1.60173060194406e-52,5.99002229079826,0.012,0.001,4.01858190721744e-48
"Sycp3",1.75778610741467e-52,3.09317000600198,0.011,0.001,4.41010956489266e-48
"Abhd3",1.76960290401731e-52,3.63170658350243,0.01,0,4.43975672588903e-48
"Itga11",2.40585583515579e-52,3.44277962870715,0.018,0.003,6.03605170482236e-48
"Adgrl2",2.53212599091711e-52,-1.22874115355753,0.104,0.188,6.35285089861193e-48
"Lrrc71",2.77459708038576e-52,2.81451048898869,0.01,0.001,6.96118661497984e-48
"AI661453",2.89038584836904e-52,1.93262283509406,0.021,0.004,7.25168905497309e-48
"Cldn19",3.22076972543453e-52,2.29597731755426,0.016,0.002,8.0805891641427e-48
"Nlgn1",3.60240317015363e-52,2.31750136204678,0.021,0.004,9.03806931359843e-48
"Zufsp",3.933306712366e-52,1.05872466791116,0.048,0.016,9.86827321065505e-48
"Gucy2g",4.31642866139083e-52,-1.81101854743927,0.012,0.001,1.08294878685635e-47
"Edrf1",5.13413865115087e-52,1.85285329185617,0.028,0.007,1.28810404618724e-47
"Rab3il1",6.33322389637523e-52,-1.80898226858724,0.028,0.088,1.58894254336158e-47
"Msh6",7.54721164009699e-52,1.65138118991008,0.041,0.013,1.89351992838393e-47
"Sirpa",1.23619853448444e-51,-3.13377206905648,0.016,0.068,3.101498503168e-47
"Aoc3",1.44985879135608e-51,-6.8990455790049,0.004,0.048,3.63755072163328e-47
"Rab40b",1.47197985359512e-51,1.05007775131777,0.017,0.002,3.69305025468479e-47
"Gdap2",1.73699869613713e-51,1.11450067871683,0.084,0.038,4.35795602873846e-47
"Dpf1",1.82451142438886e-51,-1.33730595902266,0.017,0.002,4.57751671264921e-47
"Poli",2.47572583300427e-51,4.36876342493631,0.01,0.001,6.21134854242442e-47
"Tenm3",2.58158913542822e-51,4.34340242699697,0.012,0.001,6.47694898187585e-47
"Cdh13",2.81052672912085e-51,-1.34356746629138,0.082,0.158,7.05133051069129e-47
"Mrs2",2.86963154259101e-51,1.24157927184268,0.042,0.013,7.19961857720658e-47
"Alg12",3.06577062197932e-51,1.53240524153313,0.057,0.021,7.69171191348392e-47
"Aldh1a3",3.49690253297254e-51,1.96889849084622,0.028,0.007,8.7733787649748e-47
"Timp1",4.02593964674623e-51,-3.61741854198435,0.014,0.065,1.01006799797216e-46
"Lrsam1",4.52037480042808e-51,1.03544068278107,0.032,0.008,1.1341168336794e-46
"4930452N14Rik",4.79243240042301e-51,3.32285982014139,0.011,0.001,1.20237336494213e-46
"Tns2",4.97938362522387e-51,-1.05202677794793,0.124,0.21,1.24927755773242e-46
"Rhbdd2",5.77127766048317e-51,1.22310114012938,0.063,0.025,1.44795585223862e-46
"Ssu2",6.28824440544504e-51,-1.86848214169053,0.021,0.078,1.57765763888211e-46
"Ttyh3",6.68519472357286e-51,-2.47476432129815,0.054,0.119,1.6772485041972e-46
"Angptl7",8.49273922619075e-51,7.06088454524286,0.016,0.002,2.130743344459e-46
"Gm8292",9.03700706258625e-51,2.71001284453388,0.019,0.003,2.26729470193226e-46
"Ctps",9.53154023937962e-51,1.15617802544712,0.074,0.032,2.39136813065795e-46
"Zfp105",9.82315839568966e-51,1.63230038229653,0.046,0.015,2.46453220989458e-46
"Zfp14",9.93478329141744e-51,3.21148574339534,0.016,0.002,2.49253777998372e-46
"Cyp21a1",1.00409255626605e-50,-9.66224115354896,0,0.041,2.5191678144159e-46
"Smarcal1",1.04709716439668e-50,1.01733339845864,0.053,0.019,2.62706207575483e-46
"Wdr41",1.07639529293042e-50,1.51299855591226,0.046,0.016,2.70056815043313e-46
"Skiv2l2",1.24438653874738e-50,1.0380662707508,0.095,0.046,3.12204138706329e-46
"Jmjd4",1.95447483145101e-50,2.75696495534871,0.021,0.004,4.90358190462743e-46
"Nbn",2.13014468699635e-50,1.113228006957,0.069,0.029,5.34432000520514e-46
"Zfp760",2.56219629277659e-50,1.10797336541618,0.052,0.019,6.42829427894719e-46
"Eva1a",2.64094928804668e-50,-2.2210653700892,0.027,0.085,6.62587766878031e-46
"Zfp12",2.84704266389122e-50,1.16074325800073,0.05,0.018,7.14294533943669e-46
"Apol7d",3.13128018765222e-50,3.99715412323859,0.012,0.001,7.85606886280065e-46
"Podn",3.67173714284004e-50,2.56764007854822,0.022,0.004,9.21202131767138e-46
"Egfr",3.80822355798918e-50,3.69534776099442,0.018,0.003,9.55445208463907e-46
"Cep78",4.24386730275602e-50,1.83375232835566,0.018,0.003,1.06474386758846e-45
"Nnat",4.70418050835933e-50,2.74886269350231,0.01,0.001,1.18023184774227e-45
"Slc39a11",6.47857867041635e-50,1.80914647004334,0.034,0.009,1.62541060262076e-45
"Zfp810",7.67879379823218e-50,1.89515427324685,0.042,0.014,1.92653257603847e-45
"Tmem106a",9.61112200727621e-50,-2.39723666219147,0.041,0.102,2.41133440040553e-45
"F3",1.15019894925331e-49,4.02782584483184,0.019,0.003,2.88573414378164e-45
"Ncald",1.38899143628119e-49,-4.0181438840192,0.01,0.058,3.48484061448587e-45
"Pbx1",1.88933706404713e-49,-2.79366704045916,0.14,0.212,4.74015775998785e-45
"Tspan2",1.9028374544019e-49,-1.67588752907375,0.058,0.126,4.77402888934892e-45
"Mmp14",2.40389314995533e-49,-1.14443503033584,0.027,0.085,6.03112752392293e-45
"Llgl2",2.63032844999526e-49,1.92947582710227,0.022,0.004,6.5992310481931e-45
"Slbp",2.92217165235737e-49,-1.24292501778313,0.118,0.198,7.3314364585994e-45
"Nr2c1",2.92992087769596e-49,1.08818895987416,0.05,0.018,7.35087849005139e-45
"Mir704",3.0309306647384e-49,2.87223126404567,0.013,0.001,7.60430194476216e-45
"Rundc1",3.0521586465385e-49,1.04218451692523,0.07,0.03,7.65756082830045e-45
"Mef2c",3.09668308331243e-49,-1.05296232351675,0.37,0.42,7.76926818772256e-45
"Lmcd1",3.16106080644416e-49,-1.06447289682926,0.154,0.238,7.93078545728775e-45
"Zfp691",3.17497437153237e-49,-1.80957540719553,0.038,0.011,7.96569320073756e-45
"Gm5148",3.27362252478814e-49,6.75731942377514,0.014,0.002,8.21319155244095e-45
"Sh3glb2",3.58468599730383e-49,-1.30083102397347,0.121,0.199,8.99361869863559e-45
"Hilpda",3.66527582917905e-49,-2.10010009340479,0.097,0.168,9.19581052782733e-45
"Spag1",3.90230239244394e-49,2.22551956756037,0.015,0.002,9.7904864724026e-45
"Abcb9",3.93413590653694e-49,1.06292489215749,0.033,0.009,9.87035357591052e-45
"Lbx2",4.22906406273388e-49,-6.38120769456614,0.003,0.044,1.0610298826993e-44
"Kcnb1",4.89712730591819e-49,-4.45731503286238,0.006,0.051,1.22864026978181e-44
"Chst12",5.92013153934646e-49,-1.44965318576225,0.048,0.112,1.48530180190663e-44
"Recql5",6.09646959383023e-49,1.70148199609672,0.032,0.009,1.52954325639607e-44
"Tmem220",6.22450228172733e-49,2.04245558850899,0.028,0.007,1.56166537746257e-44
"Mlh3",6.22983114828934e-49,1.38260163505745,0.042,0.014,1.56300233679431e-44
"Mrm1",6.23765133874583e-49,1.86218589787724,0.033,0.009,1.56496434437794e-44
"1110051M20Rik",6.28678092218042e-49,1.0281202677704,0.062,0.025,1.57729046556585e-44
"Cxcl9",6.66897811175686e-49,-5.3733806798066,0.003,0.044,1.67317991845868e-44
"Gfra2",7.24500355933103e-49,5.42356374126136,0.013,0.001,1.81769894300056e-44
"Pomk",8.12908879902446e-49,1.83136302854454,0.034,0.01,2.03950708878725e-44
"Fam107a",8.60054921930118e-49,1.17812871620732,0.069,0.03,2.15779179363047e-44
"Pde7a",9.13309340454941e-49,1.59773809997276,0.032,0.009,2.2914018042674e-44
"Tmem129",1.04757068558599e-48,1.09240097314559,0.08,0.037,2.62825009306668e-44
"Cldn12",1.07656400155241e-48,1.69509244671826,0.04,0.012,2.70099142349483e-44
"Helb",1.08827157662595e-48,1.60964598700546,0.017,0.002,2.73036455859685e-44
"Nudt17",1.2520780056453e-48,2.31311877430103,0.021,0.004,3.14133850836349e-44
"Fn3krp",1.30396842749501e-48,1.59387842769154,0.03,0.008,3.27152638774222e-44
"Pde6a",1.51022776625981e-48,2.14020076819559,0.018,0.003,3.78901044276924e-44
"Ttyh1",1.73516970371404e-48,3.76596248919064,0.01,0.001,4.35336726964814e-44
"Fap",1.8982619183153e-48,3.33486841159009,0.014,0.002,4.76254932686126e-44
"Mettl24",2.43945855986383e-48,-5.76032374795829,0.003,0.045,6.12035758084236e-44
"Mroh8",2.68521968580081e-48,2.92829252346894,0.015,0.002,6.73694766970565e-44
"Nrarp",2.98125706383395e-48,-1.52966332120542,0.089,0.161,7.47967584745299e-44
"Orc5",3.05536623018352e-48,1.05369549469214,0.078,0.035,7.66560833490743e-44
"Alg13",3.09331218830974e-48,1.0692854885074,0.041,0.013,7.76081094925029e-44
"Col5a3",3.65125183702798e-48,2.71962512446031,0.018,0.003,9.1606257339195e-44
"Snx33",3.79128761990845e-48,1.08260185389544,0.065,0.027,9.51196150958832e-44
"AU020206",4.09862007822372e-48,-1.98316220681092,0.026,0.082,1.02830279142555e-43
"Mylip",4.15653259200292e-48,-1.57369624328574,0.062,0.129,1.04283246200761e-43
"Phyhipl",4.29079734288515e-48,4.15682812036417,0.011,0.001,1.07651814535646e-43
"Dhx35",4.33910936794413e-48,1.43328203504677,0.031,0.008,1.0886391493235e-43
"Nr4a3",5.19267946426839e-48,3.84512714449138,0.013,0.001,1.3027913507903e-43
"Wfs1",5.94739746393874e-48,1.27765477493187,0.055,0.021,1.49214254972759e-43
"Gga2",6.36591548898132e-48,1.33584245905432,0.062,0.025,1.59714453703052e-43
"Hacl1",7.07439334078582e-48,1.10194130756401,0.056,0.021,1.77489454526975e-43
"Islr",7.56577306341173e-48,4.09992836619543,0.024,0.005,1.89817680387937e-43
"Nek1",8.17666950296088e-48,1.02148688411119,0.06,0.024,2.05144461159785e-43
"Zfp467",8.58726512461291e-48,-1.79324928067735,0.053,0.118,2.15445894711413e-43
"Sox5",9.97941640229494e-48,3.1778366413437,0.015,0.002,2.50373578117178e-43
"Ints10",1.04794028836291e-47,1.08553983326018,0.072,0.031,2.6291773894737e-43
"Clec11a",1.11580428045047e-47,4.55592928690829,0.012,0.001,2.79944135922218e-43
"Fahd2a",1.38374715205383e-47,1.5876548467479,0.044,0.015,3.47168322978785e-43
"Il16",1.38915492618846e-47,-3.98639851041023,0.009,0.054,3.48525079431424e-43
"Hmha1",1.47330932024659e-47,-5.68365738000775,0.004,0.045,3.69638575356668e-43
"Slc7a11",1.80507447262466e-47,4.34222970401361,0.014,0.002,4.52875134436801e-43
"Erlin1",2.35018603954574e-47,1.16724304327148,0.064,0.027,5.89638175461631e-43
"Gm11730",2.40625186969556e-47,-9.78167838906452,0,0.038,6.03704531587919e-43
"Gm7008",3.32889311044023e-47,3.20178988125726,0.015,0.002,8.3518599247835e-43
"Ap1g2",3.94227200364853e-47,1.49054858916895,0.033,0.009,9.89076622995381e-43
"Psmb9",4.93339302931031e-47,-1.02316168132645,0.272,0.339,1.23773897712366e-42
"4931440P22Rik",5.0705998120014e-47,2.77828221913628,0.013,0.001,1.27216278683303e-42
"Elmod2",5.50988886403173e-47,1.28854246307185,0.046,0.016,1.38237601709692e-42
"Tasp1",5.93337333436274e-47,1.27668170586286,0.041,0.014,1.48862403585827e-42
"Serpinc1",6.65634241739385e-47,2.36655931363419,0.011,0.001,1.67000974909994e-42
"Lzts1",7.88328885779788e-47,1.42039815644569,0.047,0.017,1.97783834153291e-42
"Epm2aip1",9.41042611781002e-47,1.14195277127887,0.066,0.028,2.36098180869736e-42
"Tsga10",9.47483061253018e-47,2.50120701719293,0.018,0.003,2.3771402523777e-42
"Schip1.1",9.91582971115771e-47,-9.61428833136883,0,0.037,2.48778251623236e-42
"Bbs4",1.04384255481103e-46,1.44906977674796,0.054,0.021,2.6188965857654e-42
"Trmt5",1.05274133574187e-46,3.32853474395713,0.015,0.002,2.64122273724279e-42
"Plekhh1",1.08457833960935e-46,2.02802222498943,0.017,0.003,2.7210985962459e-42
"Thap6",1.21072372575638e-46,4.07608900429193,0.013,0.001,3.03758475555017e-42
"Atp5s",1.23519647091558e-46,1.06355477164582,0.046,0.016,3.0989844258801e-42
"B430319G15Rik",1.27989740314589e-46,3.99210254497929,0.011,0.001,3.21113459475273e-42
"Mamdc4",1.36538425472923e-46,1.49591965730909,0.017,0.003,3.42561255669017e-42
"Surf6",1.50209672132236e-46,1.03955238619602,0.065,0.028,3.76861046412566e-42
"Lancl2",1.67192365383585e-46,1.1311070519712,0.061,0.025,4.19468925510875e-42
"Myocos",1.8374239437636e-46,3.59487571198224,0.01,0.001,4.6099129325085e-42
"Mir7025",2.52344954563653e-46,4.72620594385056,0.01,0.001,6.33108256504749e-42
"Gorasp1",2.61041597343941e-46,1.66541904450967,0.035,0.01,6.54927263576214e-42
"Nrbp2",2.74742111735648e-46,1.05107637051321,0.039,0.012,6.89300484133568e-42
"Xiap",2.92647589139911e-46,-1.07622617129563,0.203,0.28,7.34223536393124e-42
"Akr1b3",3.13470785287066e-46,-1.0604694923981,0.14,0.222,7.86466853206721e-42
"Cd1d1",3.31374508036799e-46,-4.80369008439915,0.004,0.045,8.31385503213524e-42
"Mblac2",3.91392687624107e-46,1.63369086282038,0.028,0.007,9.81965113980121e-42
"Otub2",6.67161284723198e-46,2.02952481525106,0.026,0.006,1.67384094724203e-41
"Tmem69",8.49385499611054e-46,1.53682486819819,0.021,0.004,2.13102327997417e-41
"Spire1",1.1805437260717e-45,2.27027171161541,0.015,0.002,2.96186615434129e-41
"Ranbp6",1.56595111777958e-45,1.50556028031491,0.041,0.014,3.9288147593972e-41
"Gapdhs",1.59546831202226e-45,-1.56842913228698,0.015,0.002,4.00287044803264e-41
"Hoxd8",1.71019133042495e-45,-7.3240925941276,0.003,0.042,4.29069902890315e-41
"Gprasp2",2.00931308028583e-45,2.31969252684678,0.024,0.005,5.04116558712912e-41
"Klhl21",2.0448299386084e-45,1.13657455532321,0.054,0.021,5.13027383297461e-41
"Ipo4",2.15371153266913e-45,1.05807367086074,0.071,0.032,5.40344686431359e-41
"Lhx6",2.3297682808292e-45,-4.89083135153806,0.003,0.042,5.84515563977238e-41
"Tox2",2.83447703564794e-45,-7.06512259037777,0.004,0.044,7.11141943473713e-41
"Tmem170b",3.21921859430237e-45,1.142314354437,0.053,0.02,8.07669753124521e-41
"Dnase1",3.56613499497996e-45,3.68280197281132,0.011,0.001,8.94707608890523e-41
"C77370",3.83500498644328e-45,3.13691178915085,0.014,0.002,9.62164401048754e-41
"Plscr3",4.17699053961859e-45,-1.20959761350376,0.186,0.258,1.04796515648491e-40
"Lrrc61",5.84844819913788e-45,1.2472678516411,0.038,0.012,1.4673171686817e-40
"Clcn2",6.27802004296378e-45,5.84230960237044,0.01,0.001,1.57509244857918e-40
"Gata4",6.63015088663195e-45,-7.41641570729498,0.001,0.039,1.66343855594709e-40
"Haus7",7.20769816545272e-45,1.04743555274363,0.074,0.034,1.80833939273043e-40
"Brwd3",7.33091839094297e-45,1.31043209265487,0.032,0.009,1.83925411510368e-40
"Trpt1",7.46960443018779e-45,1.52952583345551,0.036,0.011,1.87404905548981e-40
"Ippk",7.75206026741054e-45,1.09882499335501,0.071,0.032,1.94491440049063e-40
"Zdhhc13",7.94623395327409e-45,2.05153735950719,0.028,0.007,1.99363063653694e-40
"Hoxb3os",1.13450160035002e-44,-9.57118638494645,0,0.036,2.84635106511817e-40
"Usp30",1.32640923980336e-44,1.07359879500234,0.052,0.02,3.32782814174266e-40
"Szt2",1.37312475525895e-44,1.07142970109273,0.036,0.011,3.44503269846917e-40
"Ankrd42",1.37948534266538e-44,4.33386678072636,0.011,0.001,3.46099077621317e-40
"Tab1",1.56393471041661e-44,1.20888118279285,0.04,0.013,3.92375579496423e-40
"Ip6k3",1.66405717952645e-44,1.59873999100277,0.025,0.006,4.17495305771392e-40
"Trim68",1.68178116347475e-44,1.77635263103764,0.03,0.008,4.2194207610418e-40
"Romo1",1.76160334560586e-44,-1.02581319089089,0.438,0.45,4.41968663379055e-40
"Trappc12",2.05962538804085e-44,1.09224564002766,0.084,0.04,5.16739413605569e-40
"Trit1",2.22302971969672e-44,1.2382616965851,0.046,0.017,5.57735926374711e-40
"Adamtsl3",2.79106770499629e-44,5.11042609570421,0.012,0.001,7.00250976506518e-40
"4833403J16Rik",2.99822249777857e-44,-2.4884649250541,0.014,0.06,7.52224042467667e-40
"Gm10605",3.62714861989747e-44,-9.73426556189664,0,0.035,9.10015317246077e-40
"Ackr4",3.6833305940988e-44,-4.53534578859747,0.012,0.056,9.24110812753448e-40
"Cacnb4",4.09007900932768e-44,6.47278414323493,0.01,0.001,1.02615992265022e-39
"Ift81",4.52699571440843e-44,1.49354182335225,0.033,0.01,1.13577795478793e-39
"Msr1",4.97377733880552e-44,-9.8421396717892,0,0.036,1.24787099653292e-39
"Vit",5.97546782677163e-44,4.54494574934535,0.015,0.002,1.49918512305873e-39
"F2rl3",6.99533478864299e-44,-4.45121953359587,0.003,0.041,1.75505954512264e-39
"Nt5dc3",7.64110168922425e-44,1.1075549962842,0.031,0.009,1.91707600280947e-39
"Gtf3c5",7.66082394792484e-44,1.09630079708834,0.067,0.03,1.92202412029486e-39
"Arhgap20",7.77979765898319e-44,1.31511980552892,0.036,0.011,1.95187343466229e-39
"Porcn",8.31282472319014e-44,1.02078801303827,0.056,0.023,2.08560459480117e-39
"Cybrd1",1.03465135130491e-43,4.907812585855,0.01,0.001,2.59583677528888e-39
"Mbp",1.04326017134766e-43,2.10837044094669,0.01,0.001,2.61743544389413e-39
"C5ar2",1.07907342539785e-43,-7.23174309752096,0.002,0.038,2.70728731698066e-39
"1700047A11Rik",1.16580922009365e-43,2.85722726478336,0.01,0.001,2.92489875229296e-39
"Coq3",1.18944489125956e-43,1.08787826543952,0.042,0.015,2.98419828768111e-39
"Vhl",1.57337938397547e-43,1.06622362625672,0.079,0.038,3.94745153645605e-39
"L3hypdh",2.10805316775349e-43,1.77599003909573,0.031,0.009,5.28889459257674e-39
"Gpc3",2.15626291044027e-43,4.88713246033246,0.024,0.006,5.40984801600359e-39
"1190002N15Rik",2.42646281418944e-43,-3.72971709891438,0.007,0.048,6.08775255451988e-39
"Thnsl2",2.66189428541646e-43,1.80808237319114,0.031,0.009,6.67842657268135e-39
"Zfp568",2.98718808473807e-43,2.1017598174948,0.02,0.004,7.49455618579935e-39
"Cpxm2",3.15454014110428e-43,2.62854764305119,0.019,0.004,7.91442576001653e-39
"Il1a",3.25348683840991e-43,-8.54578479714132,0.001,0.037,8.16267312888662e-39
"Svep1",3.33837659350663e-43,2.72381760328448,0.02,0.004,8.37565303544879e-39
"Fbxo5",3.35511157266926e-43,1.4864675197423,0.027,0.007,8.41763942466992e-39
"3110021N24Rik",3.67842693522796e-43,-1.33687025091345,0.029,0.008,9.22880533779343e-39
"Dcbld1",3.6916040031843e-43,-2.79357495831631,0.015,0.06,9.2618652835891e-39
"Hoxb6",4.04517565460279e-43,-7.61981862301434,0.001,0.037,1.01489411998329e-38
"Nup155",4.22631229653076e-43,1.02171086982217,0.043,0.015,1.0603394920766e-38
"Ctcfl",4.84384520042258e-43,2.26977988682085,0.022,0.005,1.21527232233402e-38
"Ada",5.21893753945692e-43,-4.52059522586923,0.008,0.049,1.30937923927435e-38
"AI597479",5.9238270103285e-43,1.52663383814187,0.048,0.018,1.48622895862132e-38
"Ccdc125",1.28211201466162e-42,1.11359979412905,0.046,0.017,3.21669083358454e-38
"Zfp280c",1.62092772088796e-42,1.51665581127233,0.032,0.01,4.06674555893581e-38
"Csf2rb2",1.63299313213589e-42,-6.92731284182568,0.003,0.04,4.09701646921572e-38
"Klhl25",2.12704749623249e-42,1.14119590250917,0.059,0.025,5.33654946329769e-38
"Zeb2",2.41705727469112e-42,-1.78620052240622,0.06,0.12,6.06415499647256e-38
"Mical2",2.48985927031337e-42,-4.13068516157843,0.012,0.054,6.2468079232892e-38
"Adal",2.49033215988676e-42,1.59048805838066,0.034,0.01,6.24799435593989e-38
"Fmnl1",2.51667356163099e-42,-6.28686313490275,0.004,0.041,6.31408229877598e-38
"Zfp385a",2.52924642971116e-42,2.13457265575171,0.015,0.002,6.34562636750233e-38
"Zbtb42",2.81902262271745e-42,1.29948713272566,0.039,0.013,7.07264585813582e-38
"Fibin",2.86073590844147e-42,-4.19962539436087,0.012,0.055,7.17730032068881e-38
"Pus7",3.04190971794749e-42,1.52505581121211,0.034,0.011,7.63184729135846e-38
"Chchd10",3.45098017697129e-42,-5.40985791074504,0.016,0.061,8.65816416600327e-38
"Hoxb8",3.76147704467316e-42,-9.63569611278921,0,0.034,9.4371697573805e-38
"Phf11b",4.04459261574528e-42,-6.54505951605107,0.002,0.038,1.01474784136433e-37
"Supv3l1",4.12344528490005e-42,1.38013870551559,0.041,0.014,1.03453118752857e-37
"Slc11a2",5.02381046004357e-42,1.01724401796164,0.069,0.031,1.26042380632033e-37
"Lsp1",6.95946403107194e-42,2.51116465457558,0.021,0.005,1.74605993075564e-37
"Akr1b10",7.09910915974328e-42,-2.03393554792558,0.028,0.078,1.78109549708799e-37
"Crim1",7.24576931129288e-42,-1.37551355444447,0.191,0.256,1.81789106251027e-37
"Dand5",8.12561676231064e-42,1.08495662624654,0.069,0.031,2.03863598949612e-37
"Mpi",9.05906708616261e-42,1.24770004869393,0.064,0.028,2.27282934124734e-37
"Pcdhga1",9.23942483825907e-42,2.46725714017336,0.019,0.004,2.31807929767082e-37
"Zfp346",9.30122174273422e-42,1.75470967710178,0.03,0.008,2.33358352303459e-37
"2210416O15Rik",1.07700266921529e-41,2.01614831415847,0.014,0.002,2.70209199679425e-37
"Gm16062",1.21414809427656e-41,2.44879160242829,0.013,0.002,3.04617615373046e-37
"Tet1",1.40805197120295e-41,1.54226933035501,0.032,0.01,3.53266159055109e-37
"Rtn4rl1",1.61377865263046e-41,-4.16252642395729,0.007,0.047,4.04880926158457e-37
"Thy1",1.64142636783137e-41,-6.29396580149405,0.012,0.054,4.11817461425211e-37
"Pdgfra",1.77324694854099e-41,2.98191261366686,0.024,0.006,4.44889926919448e-37
"Rft1",1.9955766440792e-41,1.05338500536687,0.056,0.023,5.00670224233029e-37
"Gm16845",2.64385308357634e-41,3.17023275093172,0.01,0.001,6.63316300138468e-37
"Thbs4",2.71835119148946e-41,6.94190843547327,0.013,0.002,6.8200713043279e-37
"Ncoa7",2.7417980614474e-41,-1.93318246945953,0.073,0.135,6.87889715636538e-37
"2310015A10Rik",2.86816619179502e-41,1.73953956103994,0.027,0.007,7.19594215859452e-37
"Gm14226",2.9757697397284e-41,-9.81596789205288,0,0.033,7.46590870000459e-37
"Sult1a1",3.44772837521825e-41,-1.31121629679573,0.117,0.186,8.65000572058506e-37
"Adam23",4.04333790924389e-41,-4.85464163572666,0.01,0.05,1.0144330480502e-36
"Srpx",4.82517073584971e-41,3.86294954399352,0.017,0.003,1.21058708591733e-36
"Cmtm7",6.63669945255509e-41,-1.4746739666465,0.083,0.147,1.66508152565155e-36
"Galns",6.6616508875788e-41,3.17392044072546,0.012,0.001,1.67134159118465e-36
"Hacd4",8.00805688988726e-41,-2.05171132197756,0.027,0.076,2.00914139310381e-36
"Tecpr2",8.18659211355791e-41,1.63385505551315,0.025,0.006,2.05393409537054e-36
"Myh11",1.37454029043654e-40,-1.76965622069833,0.026,0.007,3.44858413467624e-36
"Cercam",1.84999713093256e-40,2.68764760093731,0.016,0.003,4.64145780179671e-36
"Kcnk2",1.94806612883037e-40,3.84444958895989,0.01,0.001,4.88750311062251e-36
"Def8",1.98730609591004e-40,1.18153400918434,0.057,0.024,4.9859522640287e-36
"Cacna1e",1.99361019507395e-40,1.20496269513777,0.019,0.004,5.00176861842103e-36
"Wdr24",3.46369068460035e-40,1.23513831123442,0.039,0.013,8.69005355859382e-36
"Primpol",3.5951529879129e-40,2.20444314881204,0.013,0.002,9.01987933137469e-36
"Gpx3",3.96477355591562e-40,-1.40998139480896,0.028,0.078,9.9472203744367e-36
"Ccl11",4.26340537326832e-40,3.52794153305677,0.022,0.005,1.06964577409929e-35
"Ssc5d",4.3250847813001e-40,2.76395653972161,0.014,0.002,1.08512052078038e-35
"Zfp653",4.33559016973574e-40,1.07431408963244,0.032,0.01,1.087756217685e-35
"Adora2a",4.9464375002934e-40,-3.65649197418118,0.009,0.048,1.24101170444861e-35
"Gm26522",8.44662256588353e-40,3.03542343513177,0.012,0.001,2.11917313555452e-35
"Myo18a",8.94954373398748e-40,-1.69888895820447,0.115,0.178,2.24535102742012e-35
"Rrm1",9.18870081794761e-40,1.04420068792955,0.081,0.041,2.30535314821487e-35
"Mcrip1",1.15979801769568e-39,2.35926847490363,0.02,0.005,2.90981724659669e-35
"1110001J03Rik",1.17198363396254e-39,-1.18591853990935,0.159,0.229,2.94038973924861e-35
"Camkk1",1.56361452782883e-39,3.9145202192839,0.01,0.001,3.92295248886976e-35
"Pcdh18",1.62364276885964e-39,1.67476320266298,0.018,0.003,4.07355734279195e-35
"Slc1a3",1.74112446646954e-39,2.47314717581001,0.016,0.003,4.36830717392544e-35
"Zfp420",1.74146763096073e-39,1.8307519079222,0.028,0.008,4.36916813931737e-35
"Ift74",1.9686685498813e-39,1.01094159298623,0.054,0.022,4.93919252479718e-35
"Ap5m1",2.07421661732988e-39,1.04886902371575,0.045,0.017,5.20400207121893e-35
"Fbln1",2.84410727396897e-39,2.39321055024994,0.024,0.006,7.13558073966075e-35
"Krt222",2.93735406479196e-39,1.1420599567924,0.031,0.009,7.36952761315655e-35
"Rec8",3.29003106996145e-39,1.92567963908984,0.013,0.002,8.2543589514263e-35
"Ncapd2",3.60866092515707e-39,1.22519223888142,0.041,0.015,9.05376939512657e-35
"Natd1",3.89190413042239e-39,1.37894998865639,0.041,0.015,9.76439827281673e-35
"Gm21541",4.21914540546416e-39,-10.3007441166059,0,0.031,1.0585413907769e-34
"Armc7",4.23746199185337e-39,1.33739205187765,0.034,0.011,1.06313683913609e-34
"A930004D18Rik",5.46907774570873e-39,1.13880808606055,0.031,0.009,1.37213691562086e-34
"Bbs2",5.93460171019164e-39,1.18619323302447,0.037,0.013,1.48893222306998e-34
"Myo19",6.19480104544728e-39,1.50571436899326,0.017,0.003,1.55421363429227e-34
"0610040F04Rik",6.81143345081328e-39,3.71693301751559,0.011,0.001,1.70892053847454e-34
"Slc10a3",1.12329780171714e-38,1.04648862494206,0.074,0.036,2.81824185472812e-34
"Rab20",1.17805731661342e-38,-4.52222336214036,0.004,0.038,2.9556280016514e-34
"Rprml",1.337930687538e-38,-9.47023050732395,0,0.031,3.35673430196409e-34
"Clip3",1.41773964031808e-38,2.39847536983241,0.017,0.003,3.55696698359403e-34
"1700101I11Rik",1.45086445636452e-38,2.90562319832413,0.016,0.003,3.64007383457294e-34
"Selenop",1.91531494391327e-38,2.3456834203219,0.024,0.006,4.805333662784e-34
"Tti1",2.10920873440425e-38,1.3796786748517,0.043,0.016,5.29179379374682e-34
"Glt8d2",2.11007268864276e-38,2.94861006876102,0.011,0.001,5.29396136853583e-34
"Pla2g5",2.19351839907626e-38,-9.35700762768046,0,0.031,5.50331831144242e-34
"Lrrc40",2.40501839096531e-38,1.05233828617039,0.047,0.019,6.03395064109287e-34
"Rin1",2.49755430433786e-38,1.30347514767399,0.026,0.007,6.26611399415326e-34
"E2f6",2.55842629349411e-38,1.01444941823064,0.065,0.03,6.41883572774738e-34
"Rec114",2.77582952249355e-38,2.20818673123732,0.016,0.003,6.96427868898408e-34
"COX1",3.12685779840131e-38,1.28275043886738,0.025,0.007,7.84497353040905e-34
"Map3k14",3.21489106052344e-38,-4.57254193171273,0.006,0.042,8.06584018174726e-34
"Zfp788",3.29523590980012e-38,1.07684026111824,0.054,0.023,8.26741737409751e-34
"ATP6",3.69571771023798e-38,1.21863004823949,0.025,0.007,9.27218616321606e-34
"B630019K06Rik",3.80357611135309e-38,1.37876151246401,0.029,0.009,9.54279210577376e-34
"Selenom",3.80683571460121e-38,1.85274908453497,0.023,0.006,9.55097012436296e-34
"ATP8",3.84345570198499e-38,1.21403602912325,0.025,0.007,9.64284601071013e-34
"CYTB",3.8543980458598e-38,1.09761154298472,0.025,0.007,9.67029925725766e-34
"Mir22hg",4.09938844783136e-38,2.68244474715655,0.015,0.002,1.02849556767641e-33
"Cilp",4.2196756959471e-38,2.56932094854394,0.017,0.004,1.05867443535617e-33
"Ccdc68",4.42842749054869e-38,-5.68257314817777,0.001,0.032,1.11104817310376e-33
"Wdr75",4.70255533107935e-38,1.00518876295559,0.062,0.028,1.1798241070145e-33
"Hacd1",5.43978716360097e-38,-5.19402212196822,0.006,0.041,1.36478820147585e-33
"Eno1b",6.60968447602743e-38,2.99646089709086,0.015,0.003,1.65830373819052e-33
"4930506C21Rik",6.85769446623056e-38,1.52068032992286,0.018,0.004,1.72052696463259e-33
"Lpar1",7.00695113792843e-38,2.53637722294727,0.019,0.004,1.75797397099486e-33
"Enthd2",8.35292921792614e-38,1.09865058008598,0.04,0.015,2.09566641148549e-33
"Rasgrf2",8.87977679581465e-38,-3.30536059594403,0.007,0.044,2.22784720030194e-33
"Zscan22",9.01664246229913e-38,1.6945094033161,0.032,0.01,2.26218542736623e-33
"Dnal1",9.20853084391784e-38,1.70073361918664,0.019,0.004,2.31032830343055e-33
"Slitrk2",9.93009505897539e-38,2.21371760851858,0.013,0.002,2.49136154934634e-33
"Gdf10",1.00886624952533e-37,1.90400540644697,0.014,0.002,2.53114453343409e-33
"Emilin2",1.07213515510939e-37,4.02166098980682,0.012,0.002,2.68987989065396e-33
"Rpgrip1l",1.20176148991423e-37,1.72145724144662,0.013,0.002,3.01509940204582e-33
"Med12l",1.22465782659e-37,2.68257271150902,0.012,0.002,3.07254402113165e-33
"ND1",1.47606543196371e-37,1.16073182877787,0.025,0.007,3.70330056225375e-33
"Mtbp",1.95151614336018e-37,1.77496827030275,0.018,0.004,4.89615885207636e-33
"Raph1",2.22854431492847e-37,-1.53589346638364,0.096,0.158,5.59119483172404e-33
"Thbs2",2.53149296800164e-37,2.00621494060866,0.025,0.007,6.35126270741932e-33
"Iqck",2.54554843833862e-37,3.94271521434109,0.01,0.001,6.38652647694776e-33
"Zfp94",2.68470072781442e-37,1.01147775751098,0.03,0.01,6.73564565601359e-33
"Gm10382",2.68877850891604e-37,2.62559799117968,0.021,0.005,6.74587640101945e-33
"Mir8114",3.28944334077213e-37,3.16243908999238,0.014,0.002,8.2528843976632e-33
"Epha1",3.3572552691765e-37,3.19436216906198,0.012,0.002,8.42301774483693e-33
"D030028A08Rik",3.39180488887959e-37,3.11861564904934,0.011,0.001,8.50969928571e-33
"Slc20a2",3.44307734407249e-37,1.32924801025685,0.033,0.011,8.63833674854346e-33
"Extl1",4.18416230155531e-37,-5.6747695068261,0.003,0.035,1.04976447983721e-32
"Sdc2",4.23780857218761e-37,1.81447122221595,0.031,0.01,1.06322379267615e-32
"Farp2",4.45200440872216e-37,1.30405107366541,0.017,0.004,1.1169633861043e-32
"Mxd1",4.49016179978699e-37,1.07831263825507,0.041,0.016,1.12653669394856e-32
"Tcp11l1",4.83846226947228e-37,1.09254353302965,0.015,0.003,1.2139217987879e-32
"Fam117a",5.9390220384493e-37,-4.44217305858095,0.005,0.039,1.49004123922654e-32
"Fgfr3",7.46240047327056e-37,-1.69134595216082,0.039,0.09,1.87224165473885e-32
"Unc13a",7.98669419646697e-37,2.82192870575867,0.013,0.002,2.0037817069516e-32
"Zmynd15",8.48740516631453e-37,-5.09191622686297,0.012,0.049,2.12940508217665e-32
"Selenow",8.55310338373531e-37,1.35480896571833,0.024,0.006,2.14588810794535e-32
"Dse",8.71689506352022e-37,-2.64865001988557,0.012,0.05,2.18698180248659e-32
"Crocc",9.98778284194321e-37,1.25825593098051,0.013,0.002,2.50583483721513e-32
"Ube2e1",1.00978872766202e-36,-1.04515766112869,0.166,0.233,2.53345893883125e-32
"Adgrd1",1.03718440735865e-36,3.25938240837228,0.016,0.003,2.60219195962212e-32
"Prrt2",1.07200232237058e-36,1.86842050944633,0.011,0.001,2.68954662659556e-32
"Irgq",1.08435109706919e-36,1.13071767220035,0.037,0.013,2.72052846743688e-32
"Adcy7",1.09278699254127e-36,3.29833287425533,0.011,0.001,2.7416932855868e-32
"Abracl",1.17320982120817e-36,-1.28562498352936,0.138,0.201,2.94346612042918e-32
"Dars2",1.17516862278541e-36,1.54250592574875,0.036,0.013,2.94838055770631e-32
"Lhfp",1.2063348980725e-36,-1.35740855193567,0.034,0.082,3.0265736257741e-32
"Slf1",1.25200788126539e-36,-2.03554647024097,0.021,0.065,3.14116257330673e-32
"Utp15",1.35542525435635e-36,1.04490542929293,0.046,0.018,3.40062642065464e-32
"Nrip1",1.4853419804087e-36,-1.25275967782749,0.106,0.17,3.72657449464738e-32
"D630003M21Rik",1.5023256599387e-36,3.02056019317876,0.01,0.001,3.76918484822021e-32
"H2-Eb1",1.67337451974196e-36,-4.79730587506189,0.008,0.044,4.19832933258059e-32
"Mipol1",1.67693903585473e-36,1.20668209257561,0.033,0.011,4.20727234705594e-32
"Pwp1",1.71081036360246e-36,1.06598988297427,0.065,0.031,4.2922521212422e-32
"Tmco4",2.00297806137072e-36,1.21786221041453,0.032,0.011,5.02527165817301e-32
"Cnp",2.04751249864921e-36,-1.33503954273929,0.081,0.141,5.13700410786101e-32
"Prkcq",2.26859851606353e-36,-6.10816000387045,0.003,0.034,5.6916868169518e-32
"Nat10",2.51937456813183e-36,1.09465617277745,0.042,0.016,6.32085885398595e-32
"Gsn",2.80803966017665e-36,1.52007448844957,0.03,0.08,7.04509070341721e-32
"Tctn3",2.91568642256845e-36,1.51855532269064,0.022,0.005,7.31516566558199e-32
"Tm7sf2",3.05587774754341e-36,1.58370549716461,0.018,0.004,7.66689168081166e-32
"Tbx2",3.35322995410437e-36,-4.39701246061243,0.011,0.048,8.41291863185247e-32
"Pik3r2",3.77998467078738e-36,1.35634168934761,0.047,0.019,9.48360354053847e-32
"D830026I12Rik",3.95446862837751e-36,-2.86229266597074,0.006,0.041,9.92136634173633e-32
"Cd248",4.24612181126377e-36,1.8217218016658,0.026,0.008,1.06530950122797e-31
"Ar",4.40284476664631e-36,-3.61969447109485,0.011,0.049,1.10462972350389e-31
"Sftpa1",5.32345031839464e-36,-8.37197863113716,0.001,0.03,1.33560045038203e-31
"Perp",5.39701263504651e-36,1.20071622414697,0.014,0.002,1.35405650000682e-31
"Rnf213",5.67007177301211e-36,-1.40905787703078,0.064,0.121,1.42256430713101e-31
"Tubd1",6.33940420213067e-36,1.33532499953988,0.04,0.015,1.59049312027256e-31
"Pogk",7.34807220388495e-36,1.08983690441488,0.052,0.022,1.8435578352327e-31
"Rbm3os",7.41330523901572e-36,2.58858059477566,0.017,0.004,1.85992415141666e-31
"1700029J07Rik",7.96675356203923e-36,2.07384950899411,0.013,0.002,1.99877880118002e-31
"Krba1",8.17891088606635e-36,1.11951776533991,0.033,0.011,2.05200695220519e-31
"Tnxb",8.63382537348636e-36,-2.96282946581167,0.02,0.061,2.16614044795399e-31
"Septin9",9.59898961581002e-36,2.92241753017162,0.015,0.003,2.40829050471058e-31
"Il34",1.20109167206357e-35,1.88388458892685,0.014,0.003,3.0134188960403e-31
"Selp",1.20169549368798e-35,-7.39440503504856,0.001,0.031,3.01493382411378e-31
"Gm10767",1.41644706741051e-35,2.49107276132819,0.016,0.003,3.55372404742624e-31
"Piezo2",1.43132158983284e-35,-2.85721495113181,0.01,0.046,3.59104273673161e-31
"Rassf10",1.46350112482116e-35,-7.22956056122317,0.001,0.03,3.6717779720638e-31
"Cpxm1",1.82706263990942e-35,4.55276042463481,0.019,0.005,4.58391745726875e-31
"Adgrl1",1.8533546186114e-35,-1.95627324931128,0.019,0.061,4.64988140263414e-31
"2210408I21Rik",1.99602829067776e-35,1.53288502634131,0.013,0.002,5.00783537848144e-31
"Ndn",2.07296323736947e-35,-1.24495045604422,0.038,0.087,5.20085746623625e-31
"Trp53bp2",2.16251785462117e-35,1.1193852218133,0.04,0.015,5.42554104545905e-31
"Ift140",2.51637108334492e-35,1.1289160650519,0.016,0.003,6.31332341100407e-31
"Adcyap1r1",3.19782082048426e-35,4.31352827700848,0.011,0.001,8.02301265651296e-31
"Rarb",3.40721523749569e-35,-5.12755568751359,0.005,0.037,8.54836230935295e-31
"Dusp18",3.66375315243187e-35,1.74632167334345,0.022,0.006,9.19199028413633e-31
"Mlh1",3.91548159793275e-35,1.32150570653253,0.034,0.012,9.82355178105347e-31
"Cavin3",4.41472000525152e-35,1.39129284904746,0.023,0.006,1.10760910211755e-30
"Gm5577",4.78034174032573e-35,1.83106368825387,0.019,0.004,1.19933993923032e-30
"Zfp36l2",5.23521745530828e-35,-1.35810674341376,0.22,0.272,1.31346370736229e-30
"Csf1r",5.77664847754647e-35,-1.43292365496829,0.01,0.001,1.44930333653163e-30
"Adam28",6.48922601653972e-35,-2.96997631321277,0.018,0.004,1.62808191528965e-30
"Gm28875",6.99507886692288e-35,-2.6155570598791,0.01,0.047,1.75499533692228e-30
"Gpr153",7.05510545190785e-35,2.66153653683737,0.012,0.002,1.77005540682916e-30
"Zfp426",7.22710412019428e-35,1.19642165842355,0.045,0.018,1.81320815271554e-30
"Hopx",7.35897279953732e-35,-6.89197016653397,0.002,0.031,1.84629268567592e-30
"Arhgef26",7.62796192615864e-35,-5.35387294449029,0.003,0.034,1.91377936765394e-30
"Rgs4",8.19500196824368e-35,1.05178150049408,0.026,0.008,2.05604404381266e-30
"Cenpl",8.52325714810536e-35,1.29349784296392,0.036,0.013,2.13839998588815e-30
"Ell2",9.33454532626894e-35,1.19523167411365,0.042,0.016,2.34194407690761e-30
"Tom1l1",9.37816545544591e-35,2.93225398933473,0.01,0.001,2.35288793111683e-30
"Sgpl1",1.00116742720731e-34,1.01564180734019,0.05,0.022,2.51182895812043e-30
"Gm6483",1.23074862159075e-34,-1.03873732791744,0.096,0.159,3.08782521670904e-30
"Phaf1",1.44634688480645e-34,2.15286472184183,0.014,0.002,3.62873969929089e-30
"Bcl7a",1.58878079495611e-34,-5.74567111565535,0.004,0.035,3.98609213646539e-30
"Slc18a2",1.80773890217558e-34,1.38296999034556,0.014,0.003,4.53543613166832e-30
"Aass",2.03844859064362e-34,-4.99698568444786,0.004,0.034,5.11426366906577e-30
"Ccl7",2.60591277622929e-34,2.78481752876937,0.01,0.001,6.53797456428167e-30
"Serinc4",2.7746850824587e-34,1.74917850988982,0.014,0.003,6.96140740338062e-30
"1700112E06Rik",2.79969879061925e-34,-6.19189442591845,0.005,0.036,7.02416429578465e-30
"Flot2",2.85185138390907e-34,-1.33657570880218,0.039,0.088,7.15500993708946e-30
"Tle5",3.14059858178893e-34,1.83502103672405,0.02,0.005,7.87944778185024e-30
"Hmgb3",3.24900882634322e-34,-2.4112243509525,0.035,0.081,8.1514382444125e-30
"Irak1bp1",3.66891551299692e-34,2.35907530994177,0.011,0.002,9.20494213055797e-30
"Mctp1",4.18772407646646e-34,-6.42147495700836,0.002,0.03,1.05065809354467e-29
"Mad2l1",4.76577571142965e-34,1.54493002899439,0.025,0.008,1.19568546824059e-29
"Slc6a1",5.10674021686509e-34,4.88026405776586,0.012,0.002,1.28123005300928e-29
"Gm14964",5.8302824968564e-34,-9.83841139909422,0,0.027,1.4627595756363e-29
"Tubb2a",5.88204927471391e-34,-1.15044076651273,0.289,0.331,1.47574734253297e-29
"Meis3",6.59587794701319e-34,1.88452025446724,0.012,0.002,1.65483981812614e-29
"Nexn",6.82993493085158e-34,-4.86350308773098,0.007,0.039,1.71356237480135e-29
"Gm37013",7.56777597458968e-34,2.46274610016047,0.012,0.002,1.89867931426481e-29
"Ice2",7.6754810312816e-34,1.0136807524178,0.038,0.014,1.92570143593824e-29
"Gm19710",7.79976521983404e-34,2.3725696108332,0.012,0.002,1.95688309600416e-29
"Teddm2",8.08333934548922e-34,3.05121975246961,0.013,0.002,2.02802900838979e-29
"Ebf2",8.66182803005497e-34,3.58294290269312,0.011,0.002,2.17316603446049e-29
"Prn",8.94339145719402e-34,2.99231390947652,0.013,0.002,2.24380748269541e-29
"Pigg",9.04622824648168e-34,1.3200186737748,0.036,0.014,2.26960820475979e-29
"Ctnnal1",9.05746132545467e-34,-4.25411243304216,0.005,0.036,2.27242647194332e-29
"Stx2",1.01342212288386e-33,-1.66656049994953,0.052,0.103,2.54257476410333e-29
"Kctd9",1.03531243435286e-33,1.04360126597445,0.049,0.021,2.5974953665479e-29
"Aldh5a1",1.11489790480524e-33,1.23863640110412,0.022,0.006,2.79716735336586e-29
"Echdc2",1.15066828045476e-33,2.97638470979247,0.01,0.001,2.88691164883296e-29
"Gm16152",1.43560256215199e-33,-8.94764958587536,0,0.027,3.60178326818313e-29
"Txnrd3",1.53444793358197e-33,1.37651520723552,0.035,0.013,3.8497764205638e-29
"Ap4b1",1.89295470904659e-33,1.2687014981137,0.05,0.022,4.74923406952698e-29
"Gm43194",1.99202813183801e-33,-8.96450742205843,0,0.027,4.99779937996838e-29
"Wdr38",2.3352086773067e-33,1.73111201897845,0.021,0.006,5.85880505049478e-29
"Tmem116",2.37319808585077e-33,3.06831233552865,0.012,0.002,5.95411667759099e-29
"Ddx19b",2.98779914712314e-33,2.08849461352954,0.017,0.004,7.49608928021724e-29
"Fmod",3.75360168636029e-33,2.3346317351306,0.012,0.002,9.41741127090934e-29
"Gzf1",4.31746401528201e-33,1.13911753123586,0.047,0.02,1.0832085467941e-28
"Fads3",5.11261688075063e-33,-3.99077846177406,0.006,0.038,1.28270444921153e-28
"Mipep",5.28946910361709e-33,1.2491122729485,0.044,0.018,1.32707490340649e-28
"Ptpa",6.26943614750693e-33,2.38979840105488,0.016,0.003,1.57293883504801e-28
"Dtx4",8.47655855801684e-33,2.18249932608277,0.011,0.002,2.12668377662084e-28
"Hikeshi",9.20615431626835e-33,1.17676764496004,0.02,0.005,2.30973205640857e-28
"Lgi4",9.47027524525608e-33,5.2450157691495,0.01,0.001,2.3759973562823e-28
"Zfp874b",9.56748810839513e-33,1.08243037060911,0.029,0.01,2.40038709151525e-28
"Cecr5",1.10951754676567e-32,1.04352953677484,0.038,0.015,2.78366857308039e-28
"Naa40",1.11406136876698e-32,1.04666634973297,0.042,0.017,2.79506856809947e-28
"Abca8b",1.13833065989221e-32,3.57622185961899,0.01,0.001,2.85595779260355e-28
"Hdac6",1.47487187264532e-32,1.54961854091375,0.023,0.007,3.70030604127985e-28
"Plxnd1",1.58839989322518e-32,-1.23542349599224,0.246,0.291,3.98513649211266e-28
"Fgf1",1.69579597731962e-32,-3.87018389046837,0.01,0.043,4.25458252749719e-28
"Fgf7",1.95468724273913e-32,2.65867174840475,0.012,0.002,4.9041148233082e-28
"Ebf3",2.04373522502525e-32,-6.33585351151082,0.002,0.03,5.12752730606586e-28
"1600002H07Rik",2.1686024096587e-32,1.12038876729414,0.027,0.009,5.4408065855927e-28
"Hoxa3",2.27950950055473e-32,-7.80125584405636,0.001,0.028,5.71906138594177e-28
"Lmo1",2.41900603556848e-32,-1.96436120575597,0.051,0.099,6.06904424263776e-28
"Bmpr1a",2.62434090474047e-32,1.71984015218075,0.016,0.004,6.58420889590336e-28
"Adamts9",2.631081779617e-32,-2.56636994402385,0.024,0.064,6.60112107688108e-28
"Fchsd1",2.75180017338453e-32,1.67311226874486,0.012,0.002,6.90399145500445e-28
"Enpep",2.75881628661296e-32,-3.5941311252297,0.011,0.046,6.92159418148325e-28
"Myo7a",2.9248928034242e-32,-5.07319869511518,0.007,0.038,7.33826355451097e-28
"Trim23",2.93386958540595e-32,1.00498242329366,0.046,0.02,7.360785402825e-28
"Tesk2",2.97098958109478e-32,3.24653375272345,0.011,0.002,7.45391576000869e-28
"Gm26802",2.99387760146832e-32,-1.17047453245568,0.04,0.088,7.51133951432387e-28
"Cyp1a1",3.06691526898309e-32,-7.85816742585765,0,0.026,7.69458371835169e-28
"Nop53",3.1637907887363e-32,2.41032762571872,0.019,0.005,7.9376347098605e-28
"Serpina3f",3.26683022735864e-32,-4.45435590372916,0.004,0.032,8.1961503574201e-28
"Olfml1",3.67400049766206e-32,2.12790833137829,0.013,0.002,9.21769984858435e-28
"Kcnh2",4.38114159001974e-32,-2.0506375055762,0.01,0.001,1.09918461352005e-27
"2410131K14Rik",4.73224545922104e-32,1.75643195241799,0.025,0.008,1.18727306326397e-27
"Elob",4.8180892335022e-32,1.67507569652915,0.021,0.006,1.20881040779337e-27
"Hdc",4.98646790514378e-32,-4.00556271982472,0.006,0.036,1.25105493272152e-27
"Zfp354c",5.02889603218501e-32,2.66660731661213,0.012,0.002,1.2616997255149e-27
"Gm20467",6.18831895692601e-32,-8.90918895892995,0,0.025,1.55258734310317e-27
"Pitpnm2",6.25336445211109e-32,-1.79779775685478,0.069,0.12,1.56890660739015e-27
"C1qtnf2",7.43074978208987e-32,-2.30718313617276,0.019,0.057,1.86430081282853e-27
"Crispld2",7.51541627660229e-32,3.15999541341179,0.026,0.008,1.88554278963675e-27
"Lmln",7.62929251757633e-32,1.47961663365653,0.012,0.002,1.91411319973473e-27
"Ddx51",8.2859308365491e-32,1.26855768025544,0.039,0.016,2.0788571875818e-27
"Acer3",8.63057063462373e-32,-1.76229734345655,0.046,0.093,2.16532386652075e-27
"Pdgfrl",9.47088187261053e-32,2.52746577710225,0.012,0.002,2.37614955301926e-27
"Cyp27a1",9.72865577848872e-32,1.83958561046161,0.023,0.007,2.44082244826503e-27
"Gpx8",1.11535080555513e-31,-3.00348310519164,0.019,0.057,2.79830363605726e-27
"Rack1",1.1207755481494e-31,2.04707171820581,0.022,0.006,2.81191377275202e-27
"Uros",1.15685839957336e-31,1.13398568610754,0.039,0.015,2.9024420386896e-27
"Mcm4",1.16608004640323e-31,1.06907279096223,0.056,0.027,2.92557822842105e-27
"Ppp1r14a",1.21307640791561e-31,-3.42914677947977,0.017,0.053,3.04348739981947e-27
"Tmem250-ps",1.33138504399607e-31,1.58887764302709,0.02,0.005,3.34031193688174e-27
"Xpnpep3",1.38757088813106e-31,1.36237860091778,0.026,0.008,3.48127660123201e-27
"Axl",1.72006618504112e-31,1.70206323418983,0.034,0.013,4.31547405164966e-27
"Map10",1.75689514190522e-31,1.61475395822754,0.024,0.007,4.40787422152601e-27
"Tbccd1",1.7589712288411e-31,1.0712611771027,0.036,0.014,4.41308291603942e-27
"Selenok",1.8978734160612e-31,1.77202997178303,0.02,0.005,4.76157461355595e-27
"4930486L24Rik",1.92282456708726e-31,1.13466902741872,0.05,0.023,4.82417455636523e-27
"Cavin1",1.92845171343138e-31,1.03908371129756,0.022,0.006,4.83829250382798e-27
"Arrb2",2.06480359947666e-31,-1.81844288557656,0.033,0.077,5.18038575072698e-27
"Tmem221",2.08303920550598e-31,-5.53761648816817,0,0.026,5.22613706269394e-27
"Suv39h1",2.33355709503618e-31,1.34302368789804,0.036,0.014,5.85466139573627e-27
"Polr1b",2.3615566265304e-31,1.39938019375908,0.029,0.01,5.92490942030213e-27
"Gm13594",2.53736734235956e-31,2.885699487032,0.013,0.003,6.36600092524591e-27
"Tnfaip6",2.94901749304533e-31,2.74072592847532,0.012,0.002,7.39878998830142e-27
"Dcaf4",2.95363391387283e-31,1.12798685095158,0.038,0.015,7.41037212651555e-27
"2210016F16Rik",3.39786370888496e-31,-1.81261795555624,0.035,0.078,8.52490025922148e-27
"Fmo2",3.48411497670727e-31,-1.28779842913009,0.074,0.127,8.74129606506088e-27
"Slx4",3.70957882281294e-31,1.72503003024144,0.017,0.004,9.30696230855538e-27
"Frrs1",3.75756899404908e-31,-4.51360086600155,0.006,0.036,9.42736484916975e-27
"Cyp4v3",3.96233987222237e-31,1.01476376269234,0.057,0.027,9.94111450541871e-27
"Retsat",4.13777918372443e-31,1.12029904221242,0.045,0.02,1.03812741940462e-26
"Rgs2",4.32141147016292e-31,-1.40714450724456,0.036,0.08,1.08419892374917e-26
"H2-DMb1",4.66792255986955e-31,-5.79246431529537,0.002,0.029,1.17113509104567e-26
"Lpcat1",5.25112439183587e-31,-1.76716224120049,0.084,0.136,1.3174545986677e-26
"Ten1",5.60247221765313e-31,-1.85427936281124,0.031,0.072,1.40560425468699e-26
"Prm1",5.61688959440508e-31,-10.4880797483496,0,0.025,1.40922143034029e-26
"Ccn1",5.76682930341327e-31,2.18852941318257,0.022,0.006,1.44683980393335e-26
"Igf2bp3",5.76728608640824e-31,-1.67020441941882,0.035,0.079,1.44695440621896e-26
"Mphosph9",6.5386642622386e-31,1.02740233209501,0.034,0.013,1.64048547675304e-26
"Gm20655",6.55544320268386e-31,2.63219184067948,0.011,0.002,1.64469514512135e-26
"Inafm2",7.119428929445e-31,-1.89831173233597,0.02,0.058,1.78619352410846e-26
"Qpct",8.38099274485482e-31,1.0589822221474,0.039,0.016,2.10270726975663e-26
"Neil1",8.44157085217245e-31,1.14855591950926,0.027,0.009,2.11790571110155e-26
"Lurap1l",8.7747368757371e-31,-1.68358892739503,0.048,0.095,2.20149373475368e-26
"Mir99ahg",9.58518100212517e-31,3.53490934251797,0.01,0.002,2.40482606162318e-26
"Mir8094",9.619197284488e-31,1.76659537867642,0.012,0.002,2.41336040670519e-26
"Mtss1l",9.87284819635357e-31,-3.56967872540324,0.017,0.052,2.47699888398315e-26
"Kirrel",1.01782533349962e-30,2.83246919981854,0.011,0.002,2.55362197921719e-26
"Pknox2",1.01891962899314e-30,1.49194795858097,0.018,0.005,2.55636745718088e-26
"Mars1",1.31129994668134e-30,2.74387597562387,0.014,0.003,3.28992043622881e-26
"Il3ra",1.45872357282184e-30,-1.87449761071524,0.062,0.11,3.65979157185272e-26
"Filip1l",1.54857021696895e-30,-1.57192785548794,0.063,0.113,3.88520781735341e-26
"Olfm1",1.64737617974505e-30,-2.59649111414339,0.015,0.05,4.13310209736236e-26
"Cstpp1",1.70574255165451e-30,2.50314529047496,0.015,0.003,4.279537487846e-26
"Slc26a6",1.7162789105604e-30,1.73785947420652,0.012,0.002,4.30597215870498e-26
"4632404H12Rik",1.89615990295387e-30,2.78467691322143,0.012,0.002,4.75727558052097e-26
"Mmp16",2.03510737679874e-30,-4.50992593436705,0.006,0.035,5.10588089765037e-26
"Gucy1a3",2.07299319435959e-30,-4.09255770494507,0.007,0.037,5.20093262532877e-26
"Tmem209",2.08396578259545e-30,1.04342811743295,0.055,0.026,5.22846175195372e-26
"Mlf1",2.23128926807339e-30,-4.6007815223648,0.004,0.031,5.59808164466932e-26
"Rgma",2.60570407782175e-30,2.48016253305119,0.011,0.002,6.537450960847e-26
"Wipf3",2.70603470388616e-30,-6.71458160871918,0.002,0.028,6.78917046857999e-26
"Dync1i1",2.82618522422156e-30,1.28514578135731,0.026,0.008,7.09061610904947e-26
"Gask1b",2.93313357522664e-30,2.48514028477448,0.014,0.003,7.35893882688612e-26
"Cdc25a",2.96641732257956e-30,1.12527263537442,0.035,0.013,7.44244442061986e-26
"Cd27",3.16579255766174e-30,-1.5787130009233,0.034,0.077,7.94265694791754e-26
"Fam20c",3.54283966496407e-30,1.65497232363371,0.031,0.011,8.88863043542835e-26
"Ulk4",5.25818787469712e-30,1.57496081711912,0.017,0.004,1.31922675588276e-25
"Phf21b",5.74377043111545e-30,1.43697217863329,0.011,0.002,1.44105456346256e-25
"Sept6",5.84586714709514e-30,-3.70574824857761,0.003,0.03,1.4666696085347e-25
"Lrig1",6.07346056981007e-30,1.32538832781425,0.021,0.006,1.52377052235965e-25
"Ankrd44",6.353496819412e-30,-1.85740063702323,0.084,0.134,1.59402881702228e-25
"Sybu",7.20362515792453e-30,-2.09845906569305,0.016,0.051,1.80731751587168e-25
"Grin2c",7.90037810431116e-30,-7.10331157571289,0.001,0.025,1.98212586259063e-25
"Pp2d1",9.12968126438353e-30,2.75627142395523,0.01,0.002,2.29054573242119e-25
"Abcb7",9.44950355886379e-30,1.04030199033693,0.04,0.016,2.37078594788334e-25
"Cmbl",1.01163684451964e-29,-5.18773439128397,0.004,0.03,2.53809567921534e-25
"Gm10263",1.03552574057415e-29,-1.2474010967853,0.058,0.108,2.59803053052647e-25
"Srpx2",1.06147651943426e-29,3.21041878005135,0.014,0.003,2.6631384396086e-25
"Prim1",1.11188818986299e-29,1.08953946320095,0.046,0.021,2.78961627954727e-25
"Endou",1.33362602910176e-29,-1.71817469796187,0.049,0.095,3.34593434441342e-25
"Akap17b",1.74983217487142e-29,1.84283387865508,0.012,0.002,4.39015394353491e-25
"Col1a1",1.89353299040926e-29,3.59073574761013,0.026,0.009,4.75068491963779e-25
"Ankrd13d",1.91092383310185e-29,1.46301724140008,0.011,0.002,4.79431680486922e-25
"Csprs",2.2062250175506e-29,-9.15630607827255,0,0.023,5.53519794653271e-25
"Igsf10",2.22887956957424e-29,1.76363553291541,0.014,0.003,5.59203595210481e-25
"Nav3",2.32330699915791e-29,-5.22746060650535,0.005,0.032,5.82894493018727e-25
"Atp9a",2.5371128207461e-29,-2.68483180869388,0.019,0.054,6.36536235596989e-25
"Celsr2",2.54295091142343e-29,-1.27392392013369,0.02,0.005,6.38000954167024e-25
"4930533K18Rik",2.62487532230164e-29,2.93918739329328,0.01,0.002,6.58554969612258e-25
"Hoxa2",2.66143046072034e-29,-8.74064310629882,0,0.024,6.67726288290125e-25
"Tpm2",2.76148394134013e-29,-2.25772257883699,0.031,0.071,6.92828706042826e-25
"Phlda1",3.12331682384187e-29,-1.6811944525576,0.11,0.16,7.83608957933687e-25
"Col6a1",3.43351263003152e-29,2.64743828212984,0.026,0.009,8.61433983748609e-25
"Gm10600",3.59734191598628e-29,-9.24368266101596,0,0.023,9.02537113301797e-25
"Chrm3",3.86424977163045e-29,-7.67154348125181,0.001,0.025,9.69501625204363e-25
"Lrrc17",4.04836112632473e-29,2.32342384124749,0.017,0.004,1.01569332298361e-24
"D2hgdh",4.47949537650077e-29,1.03672858555612,0.031,0.011,1.12386059501028e-24
"Adarb1",4.63328237157385e-29,-2.11345621415582,0.038,0.079,1.16244421420416e-24
"Selenof",4.64841863740514e-29,1.44804549755862,0.021,0.006,1.16624175193857e-24
"Efs",5.75965578621453e-29,3.26484516608696,0.01,0.002,1.44504004020336e-24
"Gm43848",5.8649189746284e-29,-8.75622139563808,0,0.023,1.47144952154452e-24
"Wars2",5.93161598166416e-29,1.11404606030286,0.035,0.014,1.48818313363972e-24
"Scfd2",6.54377712946069e-29,1.48930557562832,0.018,0.005,1.64176824401039e-24
"Marveld1",6.89169815360693e-29,-1.64628154570392,0.053,0.099,1.72905814975844e-24
"Oxnad1",8.10236453288616e-29,1.40982505218237,0.036,0.015,2.03280223765581e-24
"Cyb561d1",8.87527157754584e-29,1.27549798713246,0.031,0.011,2.22671688609048e-24
"Arhgap24",8.9313457045008e-29,2.04826952610729,0.013,0.003,2.24078532380221e-24
"Asns",9.77964323896334e-29,1.08642275542359,0.079,0.044,2.45361469222351e-24
"Gm26518",9.87361103575673e-29,-1.9996564813246,0.013,0.045,2.47719027276101e-24
"Efnb2",1.2471253447729e-28,-1.52047139907643,0.124,0.175,3.12891277750073e-24
"Selenos",1.3636558052659e-28,2.93518345759163,0.015,0.004,3.42127604983162e-24
"Agtr1a",1.54979512196624e-28,2.99384969745858,0.01,0.002,3.8882809815011e-24
"Gli2",1.6307300701135e-28,2.14325171442321,0.011,0.002,4.09133867290777e-24
"Rbfa",1.92532343246634e-28,-1.00920004347282,0.097,0.152,4.8304439597148e-24
"Gla",1.94478052475423e-28,1.13919687691251,0.031,0.012,4.8792598585559e-24
"C1s1",2.00707034440114e-28,2.26725198269829,0.025,0.008,5.03553878706802e-24
"BC024978",2.0244677207346e-28,-1.33926428521188,0.029,0.011,5.07918706455104e-24
"Npm3",2.05947053970406e-28,-1.23778760590401,0.041,0.085,5.16700563706351e-24
"S1pr3",2.20883800855982e-28,1.05571217010932,0.021,0.006,5.54175367967574e-24
"Gm15261",2.34123129039299e-28,-8.76929951142504,0,0.022,5.87391518446697e-24
"Ubiad1",2.44736635656496e-28,2.44375671411608,0.018,0.005,6.14019745198584e-24
"Fzd2",2.62160261440361e-28,2.83960086007442,0.01,0.001,6.57733879927721e-24
"Acsf2",2.66199704280735e-28,-2.88571503939237,0.029,0.067,6.67868438069937e-24
"Zfp354a",2.79073061563605e-28,2.50982012888279,0.011,0.002,7.00166404156928e-24
"Wdr55",3.00425091268513e-28,1.03847686522927,0.041,0.018,7.53736511483572e-24
"Ttc9",3.0725271560844e-28,-8.25427860458357,0,0.023,7.70866338190015e-24
"3110099E03Rik",3.32573246039893e-28,-8.15713602244962,0.001,0.023,8.34393016989488e-24
"Nsdhl",3.36917779416804e-28,1.06228773888751,0.061,0.031,8.45293016778818e-24
"Nxnl2",3.52893883065729e-28,-6.57408938706369,0.001,0.024,8.85375463223607e-24
"Mpst",3.75490052868272e-28,-1.43993406541973,0.036,0.077,9.42066993641208e-24
"Asb1",4.12717617687179e-28,2.10400579171362,0.017,0.005,1.03546723101536e-23
"Tnc",4.5339097837442e-28,3.45306097770612,0.015,0.004,1.13751262564358e-23
"Rtl8a",4.5953860311805e-28,2.13417802525636,0.014,0.003,1.15293640136287e-23
"Ifitm10",4.5977798516354e-28,-1.63295982682198,0.049,0.093,1.15353698697681e-23
"Tamalin",5.01312982539467e-28,3.28329161962675,0.01,0.002,1.25774414189327e-23
"H2az2",5.4782010903821e-28,1.37064828403205,0.016,0.004,1.37442587156596e-23
"Zfp951",5.64553220245073e-28,2.10730091199149,0.013,0.003,1.41640757427286e-23
"Lrrc18",5.68631504278978e-28,1.14008870539424,0.011,0.002,1.42663958108553e-23
"Siae",5.86222295751335e-28,1.33173335943726,0.038,0.016,1.47077311781052e-23
"Ahnak2",6.21673519221625e-28,-9.24993746909194,0,0.022,1.55971669237513e-23
"9930012K11Rik",6.73996152845377e-28,1.2842903130295,0.043,0.019,1.69098894787377e-23
"Tyw3",7.09498314360774e-28,1.50744102819583,0.026,0.009,1.78006032089975e-23
"Epb41l1",7.48820142228496e-28,3.80289692301439,0.012,0.002,1.87871485483707e-23
"Plxnb1",8.05425161732585e-28,-3.00844681967632,0.013,0.045,2.02073118827088e-23
"1700030K09Rik",8.66272907213019e-28,1.08122218758243,0.032,0.012,2.17339209690674e-23
"A730008H23Rik",9.09508293181186e-28,2.71828334892686,0.011,0.002,2.28186535676228e-23
"Ccdc38",1.26775941387163e-27,2.18737525961173,0.013,0.003,3.18068159346253e-23
"Tbl2",1.39737126627263e-27,1.23015686200715,0.036,0.015,3.5058647699514e-23
"Sem1",1.56036479503323e-27,1.86685064136526,0.019,0.005,3.91479923425888e-23
"Tmem119",1.62042971669517e-27,1.89564962005021,0.022,0.007,4.06549611621652e-23
"Fxyd1",1.67706785940988e-27,-2.54667509850564,0.028,0.065,4.20759555247344e-23
"Nmb",1.69174102825718e-27,-2.0859044708544,0.02,0.054,4.24440906579445e-23
"Snrnp35",1.78246034787349e-27,1.0647470385718,0.03,0.011,4.47201476677979e-23
"Adgrg6",1.99563785847111e-27,-8.73397310563098,0.001,0.023,5.00685582311817e-23
"Fat1",2.23596798824759e-27,1.71962378161742,0.02,0.006,5.60982008571437e-23
"Tmem26",2.45476195283165e-27,-5.41829465716593,0.002,0.026,6.15875226345932e-23
"Col6a2",2.69167245713876e-27,2.84816194016392,0.026,0.009,6.75313702771544e-23
"Fam49a",2.98573401980562e-27,-3.65297748606312,0.004,0.028,7.49090808229032e-23
"Mir3082",3.05372729877408e-27,2.00053542614337,0.015,0.004,7.66149641989429e-23
"9130023H24Rik",3.16596618810646e-27,1.45257809625235,0.022,0.007,7.94309256934029e-23
"Apol9b",3.18703326129936e-27,-2.21006234188479,0.017,0.05,7.99594774927397e-23
"Asap2",3.18866352284656e-27,-1.69168357459796,0.076,0.123,8.00003791246974e-23
"Gda",3.43344882616394e-27,-2.30612374111228,0.018,0.051,8.6141797599627e-23
"Exoc3l",3.52715968762593e-27,-1.55024925011706,0.08,0.128,8.84929094028469e-23
"Sgpp1",4.36450683812251e-27,-1.43108940450165,0.063,0.11,1.09501112061656e-22
"1110038F14Rik",4.83228015561133e-27,-1.03912847193754,0.226,0.272,1.21237076824133e-22
"Ndrg4",5.01757385715252e-27,2.73507002620256,0.01,0.002,1.258859105021e-22
"Hoxa9",5.25981106479078e-27,-6.11092480345755,0.002,0.025,1.31963399804536e-22
"Zfp846",5.41946387813234e-27,2.15196279717733,0.011,0.002,1.35968929238462e-22
"Mmgt1",5.50390851159046e-27,1.01702557532362,0.05,0.024,1.38087560647293e-22
"Cd14",5.50510136267859e-27,1.48586035269108,0.021,0.007,1.38117488088243e-22
"Zfp462",5.64629606187481e-27,-3.47714741175047,0.013,0.043,1.41659921896377e-22
"B3gnt9",6.13868117879066e-27,1.97281373675463,0.019,0.005,1.54013372094679e-22
"Pygl",6.89373297527117e-27,1.87003080855526,0.011,0.002,1.72956866616578e-22
"Mdm1",7.02336187818404e-27,2.14983943875019,0.014,0.003,1.76209126161759e-22
"Lum",7.09151593950733e-27,3.55907310226181,0.025,0.009,1.77919043406299e-22
"Pvrl3",7.09374741179635e-27,-1.88351182152031,0.019,0.052,1.77975028814559e-22
"Siglec1",7.16785894532548e-27,2.57573167434336,0.013,0.003,1.79834413079271e-22
"Zfp35",7.60530684555729e-27,1.19725209177861,0.05,0.024,1.90809543448187e-22
"Gm1673",7.60539763823768e-27,-2.32972836062893,0.033,0.07,1.90811821345745e-22
"Plppr3",7.72580758872437e-27,2.42277344025113,0.013,0.003,1.93832786593506e-22
"Plet1os",7.84427881197826e-27,-5.14835501494519,0.001,0.024,1.96805111113723e-22
"Psmc3ip",8.26388066043016e-27,1.12911474412596,0.028,0.01,2.07332501889532e-22
"Mypopos",8.38616825344743e-27,-8.79526205857657,0,0.021,2.10400575310743e-22
"Dclk1",8.52750980253253e-27,1.40964351120225,0.016,0.004,2.13946693435739e-22
"Mrgprf",8.88645107550713e-27,1.18771284002845,0.016,0.004,2.22952171033398e-22
"Prrx1",9.23226848581504e-27,2.65899111581092,0.011,0.002,2.31628384040614e-22
"Fuom",9.74649472966391e-27,-3.64634658675607,0.009,0.037,2.44529806272538e-22
"Gm11713",1.04927057087416e-26,-1.31792112084333,0.039,0.081,2.63251493526617e-22
"Snapc4",1.06963376238587e-26,1.30496086678019,0.016,0.004,2.6836041464499e-22
"Col1a2",1.08112716705906e-26,3.40927418190955,0.028,0.011,2.71243994943449e-22
"Gm11837",1.1524169833043e-26,-4.54945334266758,0.003,0.027,2.89129896941217e-22
"Cadps2",1.15827832198087e-26,-2.78893513828506,0.013,0.043,2.90600448201781e-22
"Sdc1",1.19387545896684e-26,-1.93622145537192,0.026,0.062,2.9953141390019e-22
"Gm11175",1.45601335451927e-26,1.25156525484227,0.025,0.009,3.6529919051534e-22
"Pydc4",1.54489483189497e-26,-4.26945399442074,0.003,0.026,3.87598664374129e-22
"Sfrp1",1.66151049852866e-26,1.2002021506027,0.014,0.003,4.16856368975855e-22
"Fam166a",1.69058106902055e-26,1.80447187941224,0.013,0.003,4.24149884406566e-22
"Marchf2",1.74915600404495e-26,1.81825959623985,0.011,0.002,4.38845749854838e-22
"Kcnh1",1.91594220426795e-26,-4.40908848942762,0.003,0.026,4.80690739628785e-22
"Tbc1d25",1.91842913484948e-26,1.50078242342729,0.031,0.012,4.81314685642386e-22
"Gpc6",1.95108718464619e-26,1.48147136323365,0.015,0.004,4.89508263755882e-22
"Enpp1",2.08649451342741e-26,1.07668891654562,0.013,0.003,5.23480608473802e-22
"Heyl",2.09480258735247e-26,1.26489403440733,0.015,0.004,5.25565021140862e-22
"Czib",2.15277567497259e-26,1.91129279750233,0.014,0.003,5.40109889093874e-22
"Medag",2.48058093050202e-26,3.24267831381024,0.015,0.004,6.22352949653652e-22
"Cd84",2.55859935722597e-26,-5.64483045932722,0.005,0.03,6.41926992734423e-22
"C030014I23Rik",2.78186252980541e-26,1.68833840074683,0.023,0.008,6.97941490102879e-22
"Cryab",2.97153331209471e-26,-3.54011154999679,0.025,0.059,7.45527992671442e-22
"Gcn1",3.17629070439859e-26,2.82465576771019,0.014,0.003,7.96899574826563e-22
"Prcd",3.23706480988537e-26,2.35613540916008,0.013,0.003,8.1214719015214e-22
"Ttc38",3.36411188630813e-26,1.28356088287818,0.034,0.014,8.44022031155848e-22
"Erdr1",3.60462843661508e-26,-1.13733580669731,0.046,0.089,9.04365228462359e-22
"Pomgnt2",3.76662491446687e-26,1.24178625162608,0.027,0.01,9.45008524790594e-22
"Phtf2",4.04190407821762e-26,1.00943340395827,0.018,0.005,1.01407331418402e-21
"Cmc4",4.3056013247406e-26,-1.4516650730639,0.031,0.069,1.08023231636417e-21
"Cd302",4.44738263577109e-26,-1.5295515965443,0.075,0.12,1.11580382948861e-21
"Bivm",4.52324876833202e-26,1.06868045707044,0.032,0.013,1.13483788348682e-21
"Rusf1",4.79587865849248e-26,2.60212334033956,0.011,0.002,1.20323799662918e-21
"Car5b",5.06928321364586e-26,1.11502167601241,0.03,0.011,1.27183246547161e-21
"Tarsl2",5.3468533283648e-26,1.47292781647591,0.022,0.007,1.34147203155344e-21
"Frs3",5.70637552619698e-26,1.19765745662152,0.024,0.008,1.43167255576756e-21
"Pip4p1",5.73218919688632e-26,2.30415530621516,0.013,0.003,1.43814894760681e-21
"Mxd3",5.86191165820435e-26,1.90677353582275,0.015,0.004,1.47069501592689e-21
"Pdk3",6.37605050799792e-26,1.16429632035984,0.054,0.027,1.5996873119516e-21
"Pln",6.76742599938771e-26,-1.01220250869143,0.023,0.008,1.69787950898638e-21
"Ppp1r14b",6.90873373488895e-26,-2.37756048992195,0.048,0.088,1.73333220674629e-21
"Smpdl3b",6.98814507018647e-26,2.22472059434922,0.01,0.002,1.75325571665908e-21
"Gm10399",7.51474243407902e-26,-8.75927763808848,0,0.02,1.88537372928609e-21
"Mrpl23-ps1",8.55344254790325e-26,1.68916907149707,0.018,0.005,2.14597320084345e-21
"Kcnn4",9.22897177215172e-26,1.88711655758581,0.013,0.003,2.31545672791514e-21
"Mid2",1.01977650970113e-25,-1.51826707178489,0.031,0.068,2.55851728518916e-21
"Itgb5",1.05794117851243e-25,-2.44837813559401,0.018,0.05,2.65426862276984e-21
"Mob3c",1.12301251836e-25,-1.18440000415452,0.05,0.093,2.8175261073134e-21
"Sgce",1.15619409198303e-25,-1.31961227432919,0.08,0.126,2.90077535737623e-21
"Wnt9b",1.17474943169809e-25,-7.03717765261292,0.001,0.021,2.94732884918735e-21
"Prickle2",1.31046394355938e-25,-2.7893222686602,0.015,0.045,3.28782298799614e-21
"Lrrc1",1.36436792923637e-25,-3.47775201874538,0.008,0.034,3.42306269766114e-21
"Gm19461",1.45945243666904e-25,-6.94548063805147,0.001,0.023,3.66162021835896e-21
"Sftpb",1.48647861829025e-25,-9.65887158878628,0.001,0.021,3.7294262054284e-21
"Stard9",1.4915503383676e-25,-1.10984701691665,0.045,0.087,3.74215064393047e-21
"Lefty1",1.61687766030586e-25,-3.1168830388332,0.01,0.037,4.05658436194138e-21
"Aldh1a2",1.69200232312479e-25,2.32372316804235,0.01,0.002,4.24506462848779e-21
"Naxd",1.71719274618972e-25,2.14748661894098,0.014,0.003,4.30826488091539e-21
"Dhcr24",1.98766629463275e-25,-1.54347917625049,0.052,0.093,4.98685596660412e-21
"Zfp958",2.04910878939094e-25,1.23354328783261,0.031,0.012,5.14100904170292e-21
"Gstm4",2.2498931416922e-25,1.55845299392603,0.023,0.008,5.64475690319157e-21
"Nsa2",2.25092581023743e-25,-1.09070706794192,0.165,0.216,5.64734776530469e-21
"Ric8a",2.57924930796005e-25,2.34975466876068,0.012,0.003,6.47107858874096e-21
"Tafazzin",2.62494549833824e-25,2.38943994453158,0.011,0.002,6.58572576078081e-21
"Ydjc",2.70884286409719e-25,2.13052657998631,0.011,0.002,6.79621586173344e-21
"2410016O06Rik",3.54806815271393e-25,-1.32298766303679,0.029,0.066,8.90174818834397e-21
"Thnsl1",3.71260757632455e-25,1.94294771824267,0.017,0.005,9.31456114824067e-21
"Igf2bp2",3.75655764953932e-25,3.13855598709178,0.012,0.002,9.4248274869292e-21
"Slc45a3",4.48068633630836e-25,-7.9943097749364,0.001,0.022,1.1241593949164e-20
"Brca2",4.59152839623038e-25,1.51930844464705,0.013,0.003,1.15196855933024e-20
"Nckap5",4.71050879487420e-25,-3.07934252831855,0.011,0.039,1.18181955154599e-20
"Dnah8",5.23756892256836e-25,-3.82537822730781,0.01,0.036,1.31405366698317e-20
"Ftx",5.25431188350319e-25,1.66866068354181,0.012,0.003,1.31825430845211e-20
"Tceal9",5.83452188599617e-25,1.97078227393501,0.017,0.005,1.46382319597758e-20
"Gm19412",6.17095891388881e-25,1.05510926557685,0.018,0.005,1.54823188190556e-20
"Hcls1",7.50307702209292e-25,-2.97743219816348,0.009,0.035,1.88244699407289e-20
"Dram1",7.68641202846792e-25,-2.40809823211034,0.024,0.057,1.92844391382232e-20
"Rxylt1",8.23133141977706e-25,1.91825054749189,0.012,0.003,2.06515873990787e-20
"Lmo4",8.80763951868461e-25,-1.06200322781386,0.12,0.171,2.20974867884278e-20
"Acta2",9.37542079819143e-25,-1.31043549989227,0.042,0.019,2.35219932405825e-20
"Lyz2",1.00259365189761e-24,-6.89225971316241,0.009,0.035,2.51540721324592e-20
"AU041133",1.02135733808806e-24,1.20389311967646,0.016,0.005,2.56248342552912e-20
"Mir6240",1.10735775224802e-24,1.38682538922119,0.018,0.006,2.77824986461505e-20
"Sqor",1.58123042918235e-24,2.59361837544229,0.011,0.002,3.96714902377561e-20
"Ms4a4d",1.6559751688245e-24,1.57411081674827,0.017,0.005,4.15467610106378e-20
"Rab27a",1.65741381248627e-24,-2.93514370477243,0.009,0.035,4.1582855141468e-20
"Micos13",1.85104801518901e-24,1.28057426068364,0.014,0.004,4.6440943653077e-20
"Eif5a2",1.98572158207923e-24,1.23000928812997,0.018,0.005,4.98197687727857e-20
"Casp4",2.03098748082565e-24,-1.33114041005735,0.039,0.077,5.09554449064348e-20
"Gpatch3",2.37014864303845e-24,1.30063908972131,0.023,0.008,5.94646593051917e-20
"2610037D02Rik",3.1404160751622e-24,-1.3560197903583,0.036,0.073,7.87898989097443e-20
"Fastkd5",3.27904171598708e-24,1.4440686096841,0.026,0.01,8.22678776123999e-20
"Eif4ebp1",3.54408571813688e-24,-1.01329172554762,0.143,0.193,8.89175665823363e-20
"Lmtk3",3.87608391547054e-24,-8.31272437754403,0.001,0.021,9.72470693552403e-20
"Dop1a",3.93746471594676e-24,2.62868738975548,0.01,0.002,9.87870522583882e-20
"2700033N17Rik",3.99755641495754e-24,-8.91585470919371,0,0.019,1.0029469289487e-19
"P3h3",4.35955523540459e-24,-2.63625725447279,0.012,0.039,1.09376881301066e-19
"Calb1",4.68291547490137e-24,2.67242112416827,0.01,0.002,1.174896663498e-19
"Tspyl4",5.58738339799616e-24,1.28660359686493,0.03,0.012,1.40181862072326e-19
"Acot7",6.20825230352145e-24,-1.75665006149945,0.021,0.052,1.5575884204305e-19
"Eme1",6.55136391055815e-24,2.32566608225856,0.01,0.002,1.64367169151993e-19
"Eepd1",7.90722754787962e-24,-1.34758465108814,0.044,0.083,1.98384431948752e-19
"Crlf2",7.94023922027844e-24,-1.41436126083253,0.15,0.193,1.99212661797566e-19
"Fdxacb1",8.32974688801135e-24,1.1924846532285,0.026,0.01,2.08985019673317e-19
"Lix1l",8.68865096305774e-24,-1.22398189437334,0.071,0.115,2.17989564012156e-19
"Septin11",8.77467211501196e-24,1.95918486272258,0.016,0.004,2.20147748693535e-19
"Casc4",8.84032426116944e-24,-1.96177858443959,0.035,0.07,2.2179489538848e-19
"Fam101a",9.18231250513483e-24,-6.43997937636398,0.001,0.021,2.30375038441328e-19
"Exog",1.01915803464821e-23,1.50813609635481,0.023,0.008,2.55696559312889e-19
"Zfp763",1.07770624250154e-23,1.28427200964345,0.025,0.009,2.70385719181211e-19
"Jrk",1.12314895423658e-23,2.22530731571068,0.012,0.003,2.81786841128415e-19
"C1qtnf3",1.22853593436164e-23,2.02274195550144,0.012,0.003,3.08227380571992e-19
"Psat1",1.26571150221488e-23,2.61425768955492,0.013,0.003,3.17554358790692e-19
"Tmem173",1.55793195099348e-23,-1.55225877557241,0.022,0.053,3.90869547184754e-19
"Lyplal1",1.59967575882766e-23,2.21248787807764,0.011,0.002,4.01342651132271e-19
"Fam213b",1.67197295367462e-23,-1.57122329769546,0.032,0.068,4.19481294347424e-19
"Pole2",1.72680430211306e-23,2.36875983506224,0.01,0.002,4.33237931357145e-19
"Abat",1.86216515256963e-23,-2.6003477434796,0.009,0.034,4.67198615128194e-19
"Gm19087",1.89703327617629e-23,2.44950875602165,0.013,0.003,4.75946678659869e-19
"Cdc14b",2.13751621706116e-23,1.09366833375818,0.018,0.006,5.36281443698474e-19
"Serpina1e",2.2482236553247e-23,-9.68909762219784,0,0.019,5.64056832884414e-19
"Gatd1",2.35610032339786e-23,1.97389620258285,0.01,0.002,5.9112201013729e-19
"Dmac1",2.3657540687664e-23,2.01057515518196,0.01,0.002,5.93544038312803e-19
"1700022I11Rik",2.36943880152404e-23,1.80950933483867,0.013,0.003,5.94468500914366e-19
"Micos10",2.88211402801706e-23,1.46342698392185,0.018,0.005,7.23093588489199e-19
"Eloa",2.97775966016509e-23,2.70789535921729,0.011,0.002,7.47090121138818e-19
"Mindy1",3.07752570660786e-23,2.71718751614558,0.011,0.002,7.72120424530845e-19
"Hap1",3.76034097116893e-23,-4.02793713089315,0.005,0.028,9.43431946256572e-19
"BC026585",3.76959382281839e-23,-3.10457073395861,0.006,0.03,9.45753394206905e-19
"Pde3a",3.91768111866378e-23,-3.92716011942457,0.013,0.039,9.82907015861556e-19
"Cep135",4.09125678702177e-23,1.01209604418577,0.025,0.009,1.02645541529589e-18
"Gm4955",4.53890679921172e-23,-8.7408793484138,0,0.018,1.13876632685423e-18
"Phka1",4.58988519842508e-23,1.04012741199354,0.028,0.011,1.15155629743287e-18
"Gys1",4.8159900107769e-23,1.38097368026324,0.015,0.004,1.20828373380382e-18
"Cep20",5.26962504324453e-23,2.50779987889083,0.011,0.002,1.32209622709962e-18
"Rab7b",5.63188486480073e-23,2.2739804440305,0.012,0.003,1.41298359372986e-18
"Tmcc3",5.68134344135416e-23,-1.01258689687575,0.166,0.213,1.42539225600135e-18
"Atp8b1",7.24070214228374e-23,-2.92488248562681,0.013,0.04,1.81661976047757e-18
"Mtarc2",7.68456029968976e-23,1.64361711986181,0.015,0.004,1.92797933358917e-18
"Zfp449",7.81531113560175e-23,1.62503229597661,0.022,0.008,1.96078341081112e-18
"Gm7694",1.00502836948276e-22,-2.32607622287494,0.006,0.029,2.52151567619528e-18
"Tspan6",1.05016966799839e-22,-1.0127730781966,0.096,0.142,2.63477068004116e-18
"Jcad",1.2563877530755e-22,1.75191175496488,0.011,0.003,3.15215123369111e-18
"Cops9",1.31356980676826e-22,1.37939945622046,0.015,0.004,3.29561528820088e-18
"Tmem72",1.37987029194689e-22,2.10891294976169,0.012,0.003,3.46195657546556e-18
"Antkmt",1.43186594991576e-22,2.10510497464789,0.01,0.002,3.59240848174364e-18
"Aldh1b1",1.43621822474035e-22,-3.54901487874097,0.002,0.022,3.60332790405107e-18
"Atp5pb",1.48939572750415e-22,1.12262217990429,0.018,0.005,3.73674494073516e-18
"Bmp5",1.59923637628968e-22,2.6270974274587,0.013,0.003,4.01232414447318e-18
"Efemp1",1.74786668887602e-22,3.16985195865415,0.023,0.009,4.38522273572104e-18
"Bcl2",1.87360907714098e-22,-1.19579631899254,0.08,0.123,4.70069781363901e-18
"Mfsd7b",1.87832101432626e-22,1.29051194168514,0.03,0.013,4.71251959284315e-18
"Hmcn2",1.95846386525094e-22,2.05697211820548,0.013,0.003,4.91358999152808e-18
"Coro6",2.09285748322814e-22,-6.13047395910222,0.002,0.021,5.25077013967107e-18
"Skp1",2.12794129398408e-22,1.23609454412562,0.018,0.006,5.33879191247665e-18
"Fastkd3",2.13145090558211e-22,1.11123488522235,0.033,0.015,5.34759717701496e-18
"Fggy",2.2369260808369e-22,1.23741771140331,0.024,0.009,5.61222384421169e-18
"Pcgf6",2.43835001093898e-22,1.62804761932162,0.014,0.004,6.11757634244482e-18
"Snai1",2.51282613893521e-22,-1.59169880022724,0.016,0.044,6.30442949997454e-18
"Bicc1",2.72955177918542e-22,1.85715104485242,0.023,0.008,6.8481724587983e-18
"Mesd",3.2797321190876e-22,1.25788167470044,0.015,0.004,8.22851991357887e-18
"Gnpda1",3.36569879237294e-22,-3.20142667160851,0.015,0.042,8.44420170018446e-18
"Mks1",3.63912937678948e-22,1.55360068899408,0.01,0.002,9.13021169342713e-18
"Slc39a14",3.67692356538765e-22,-3.74631509829469,0.006,0.028,9.22503353320107e-18
"Emid1",4.24085752328903e-22,-2.03744216485401,0.009,0.033,1.06398874401799e-17
"Nxpe3",4.5330727455877e-22,-5.51001407244029,0.004,0.024,1.1373026211405e-17
"Fam206a",4.87364041828666e-22,1.5647029250817,0.028,0.012,1.22274764454394e-17
"Mtx3",5.24021881900088e-22,1.10258499525078,0.015,0.004,1.31471849949913e-17
"Metrn",5.40748008363485e-22,-5.87304539095634,0.004,0.024,1.35668267818315e-17
"Ccdc51",5.72576605933821e-22,1.33376013660833,0.027,0.011,1.43653744662736e-17
"Ubash3b",5.8860612613541e-22,-4.58887781245626,0.004,0.024,1.47675390986113e-17
"Pde9a",6.30023829111705e-22,-2.84061917552513,0.012,0.037,1.58066678485836e-17
"Cyfip2",6.36364874226045e-22,-2.97458600527005,0.006,0.029,1.59657583294572e-17
"Mdfi",6.4511635867406e-22,-5.97545588233659,0.002,0.021,1.61853243227735e-17
"Bmt2",6.47748365711914e-22,1.94476368472483,0.016,0.005,1.62513587473462e-17
"Arxes2",7.13740272099946e-22,1.65613897239825,0.01,0.002,1.79070296867155e-17
"Nts",8.95868295888535e-22,-6.19311905741774,0.001,0.018,2.24764396755474e-17
"Fam171a2",9.34909707865131e-22,-1.27260797882336,0.032,0.065,2.34559496606283e-17
"Olfml3",9.60484995526309e-22,2.67708600814037,0.026,0.01,2.40976080527596e-17
"Mmp23",9.66169248257511e-22,1.66667679797599,0.013,0.004,2.42402202695327e-17
"Ctsk",9.79842110334877e-22,1.98613466563235,0.02,0.007,2.45832587061917e-17
"Fnbp1",1.00106776602537e-21,-1.62548113201388,0.048,0.085,2.51157891818106e-17
"Scand1",1.03098336183913e-21,-1.39447146190636,0.288,0.302,2.5866341565182e-17
"Pwwp3a",1.05911341619655e-21,2.95263325015191,0.011,0.003,2.65720964989554e-17
"Cd63-ps",1.26096404380325e-21,2.30700168240762,0.011,0.003,3.16363268949798e-17
"Gm9443",1.43195580047038e-21,2.05916204732233,0.014,0.004,3.59263390780013e-17
"Nr0b2",1.47047315112426e-21,-8.4381940133463,0,0.017,3.68927008885564e-17
"Plekha6",1.5170621931021e-21,1.50561915162714,0.014,0.004,3.80615733627387e-17
"Ctdspl",1.52260821939773e-21,-2.46067820441741,0.021,0.05,3.82007176164696e-17
"Smap2",1.65027113839749e-21,-1.0693979967212,0.083,0.126,4.14036525912547e-17
"Mir6418",1.8201893555088e-21,1.62887673972956,0.011,0.002,4.56667307403604e-17
"Tfpi2",1.9731896751284e-21,-3.25372764634447,0.005,0.026,4.95053557592965e-17
"Lgals3",1.99901868230329e-21,-2.8271314984618,0.012,0.037,5.01533797203071e-17
"Pde1a",2.16299127071611e-21,1.50490095453548,0.015,0.004,5.42672879909964e-17
"LTO1",2.19328014034572e-21,1.64137322540742,0.01,0.002,5.50272054411338e-17
"Apol10b",2.31950313713097e-21,-1.0092437471021,0.071,0.113,5.81940142074788e-17
"Tppp",2.42503403045412e-21,-3.64281588418487,0.005,0.026,6.08416787900635e-17
"Col3a1",2.46071812485907e-21,2.90057206159373,0.026,0.01,6.17369570345893e-17
"Trim63",2.49302058502039e-21,-7.55666310006504,0,0.017,6.25473934575766e-17
"Nepn",2.66475246404084e-21,-9.00653010755815,0,0.017,6.68559745703207e-17
"Ift122",2.9660247447303e-21,-1.9500985570801,0.028,0.06,7.44145948205384e-17
"Slc7a2",3.25706681760886e-21,1.11558479546074,0.01,0.002,8.17165493869888e-17
"Tfec",3.44586095440009e-21,-8.10906632253757,0.001,0.018,8.6453205484944e-17
"Apol9a",3.71204048426955e-21,-4.57133018872663,0.003,0.023,9.31313837098387e-17
"Chst2",3.78651047995922e-21,-2.03817015278446,0.028,0.058,9.49997614316969e-17
"P4htm",4.40019948352769e-21,1.12893370661287,0.03,0.013,1.10396604842226e-16
"Crhr1",5.01492132337431e-21,-6.18618201578458,0.001,0.019,1.25819361082138e-16
"Camk4",5.47391206776673e-21,-3.02626811113455,0.013,0.039,1.373349798682e-16
"Ccl21b.1",5.80833110635035e-21,-9.03022393210042,0,0.016,1.45725219127224e-16
"Abcg3",6.08431545497859e-21,1.69090790227539,0.012,0.003,1.52649390449958e-16
"Fam26f",6.48416711289262e-21,-8.4503530936188,0,0.017,1.62681268695363e-16
"Cenpo",6.98983001598908e-21,1.05968560543936,0.018,0.006,1.7536784527115e-16
"Six2",7.03679956035374e-21,1.34122149861481,0.013,0.004,1.76546264169715e-16
"Rtraf",7.26729436652054e-21,1.48984193828339,0.015,0.004,1.82329148361634e-16
"1010001N08Rik",7.62179870276987e-21,-8.41623961711851,0,0.017,1.91223307653793e-16
"Homer3",8.03734911603577e-21,-1.33574526843375,0.113,0.154,2.01649051972221e-16
"Faap24",1.02782192791528e-20,-4.83548850194666,0.003,0.022,2.57870243494665e-16
"Col6a3",1.10329510994796e-20,2.0963275301037,0.025,0.01,2.76805710134845e-16
"Rtl8b",1.16428895813888e-20,1.88921087798985,0.011,0.003,2.92108456707464e-16
"Hoxb3",1.2502283153697e-20,-5.24721914855069,0.002,0.021,3.13669782043103e-16
"Tmprss11a",1.28185602265243e-20,2.19793485184767,0.013,0.003,3.21604857523268e-16
"Ubox5",1.70868011406893e-20,1.30490987150438,0.018,0.006,4.28690753818754e-16
"Znrd2",1.7708710900472e-20,1.52662437936804,0.014,0.004,4.44293847781943e-16
"Gm26916",1.79940285722441e-20,-8.67433099380656,0,0.016,4.51452182849032e-16
"D130020L05Rik",1.92115873153871e-20,-1.41751476764357,0.017,0.006,4.81999514155746e-16
"Slc15a3",1.93075190752634e-20,-3.89813654419521,0.004,0.024,4.84406346079285e-16
"Zfas1",1.93734456805354e-20,1.83852156406053,0.01,0.002,4.86060378678952e-16
"Amigo2",2.18444911310774e-20,-2.00692422423734,0.033,0.064,5.480564379876e-16
"Pgghg",2.32903126156443e-20,2.62442129820203,0.01,0.002,5.843306532139e-16
"Nln",2.46508074963875e-20,1.08304287691138,0.015,0.005,6.18464109276867e-16
"Thbs1",2.49121911912051e-20,-1.24171072736054,0.021,0.049,6.25021964796146e-16
"Serpine1",2.58789332877641e-20,-3.52408338052547,0.008,0.03,6.49276557256714e-16
"Gucy1b3",2.69883099280807e-20,-2.87728781564221,0.008,0.029,6.77109707785616e-16
"Gm525",2.76343999148278e-20,-8.05035263975053,0.001,0.019,6.93319459463115e-16
"Rtf2",2.94807384339171e-20,1.51251839506626,0.012,0.003,7.39642246568545e-16
"Zfp710",3.23190096827004e-20,-2.84926405114463,0.019,0.046,8.1085163392927e-16
"Kcnab3",3.8673184206166e-20,-5.25068929308301,0.003,0.021,9.70271518548499e-16
"Septin8",4.20071817658408e-20,1.56206281856641,0.014,0.004,1.05391818332318e-15
"Hist2h3c2",4.24648952827392e-20,1.4165714196225,0.017,0.006,1.06540175774864e-15
"Ubb-ps",5.44405243943138e-20,1.66672634332105,0.012,0.003,1.36585831652894e-15
"Prm2",5.57185368408048e-20,-9.58491124425605,0,0.015,1.39792237079895e-15
"Dph2",5.59757207107966e-20,1.14444812410144,0.028,0.012,1.40437485691318e-15
"Rab32",5.62424234272156e-20,1.67723386124203,0.013,0.004,1.41106616136541e-15
"Ripor1",5.65118763936842e-20,2.1024989289477,0.012,0.003,1.41782646684114e-15
"Creb5",5.81003655913882e-20,-1.77585649546198,0.024,0.052,1.45768007232234e-15
"Jpt1",6.31932824219548e-20,2.27394702268512,0.014,0.004,1.58545626268442e-15
"Fyn",6.9092087848775e-20,-1.0341950636614,0.194,0.234,1.73345139203792e-15
"Rpl19-ps11",7.11626592774626e-20,2.31501301558294,0.01,0.002,1.78539995861226e-15
"S1pr2",7.51579921340188e-20,2.00782076013853,0.019,0.007,1.8856388646504e-15
"Epo",7.84473102688618e-20,1.65118510531303,0.01,0.002,1.96816456733547e-15
"Ckap4",9.21756652381407e-20,-1.10044318088728,0.092,0.133,2.31259526515971e-15
"Ch25h",9.31075318847196e-20,1.07917169568954,0.043,0.022,2.33597486745573e-15
"B4galt2",9.86557744556994e-20,1.0018185624925,0.013,0.004,2.47517472531904e-15
"Dtx1",1.02769677070314e-19,-6.2342104771636,0.002,0.019,2.5783884280171e-15
"Slc22a18",1.08224579555641e-19,1.30816790472336,0.012,0.003,2.71524647647147e-15
"Rbis",1.1094434592955e-19,1.84864343637155,0.011,0.003,2.78348269502649e-15
"Pitpnm3",1.23641236616953e-19,-2.88368063138874,0.005,0.024,3.10203498548273e-15
"Pycard",1.26366057439055e-19,-1.1932987639454,0.072,0.111,3.17039801508845e-15
"Thbs3",1.31418824679619e-19,2.11234750716835,0.016,0.005,3.29716689238697e-15
"Rgs10",1.33768349591517e-19,-2.1389738555457,0.02,0.047,3.35611412290157e-15
"Wdr5b",1.34083867579345e-19,1.4037600670684,0.02,0.008,3.3640301536982e-15
"Mfsd14b",1.6728674131749e-19,1.57366441521002,0.01,0.003,4.19705705291451e-15
"Peds1",2.66095747054419e-19,2.20630494153588,0.01,0.002,6.67607619784831e-15
"Dele1",2.71269776165755e-19,2.48223717075409,0.01,0.002,6.80588741422263e-15
"Gm20186",2.76594631930758e-19,-1.55992652456334,0.01,0.033,6.93948272051078e-15
"Gm16287",2.85765132908333e-19,-7.24069264991349,0.002,0.019,7.16956141953716e-15
"Hpse",3.09377065581536e-19,-2.22197081349706,0.01,0.031,7.76196119837515e-15
"Bricd5",3.26482163286974e-19,-5.60137067332634,0.001,0.016,8.1911109947069e-15
"Spred1",3.29459841084345e-19,-1.64988775171094,0.048,0.082,8.26581795296512e-15
"Cep83os",3.29540897202642e-19,1.94311931380011,0.013,0.004,8.2678515699171e-15
"Nr2f1",3.32002470413166e-19,-4.26516998859488,0.003,0.021,8.32960998019591e-15
"Hoxaas3",3.45209709115831e-19,-7.24268439351522,0.001,0.017,8.66096639200708e-15
"Khdc4",3.52998599405466e-19,2.32248499150646,0.011,0.003,8.85638186048374e-15
"5330417C22Rik",3.72319172848079e-19,-6.67770965203895,0.008,0.029,9.34111572758546e-15
"AI662270",3.78775779050251e-19,-4.49855425679687,0.002,0.019,9.50310552059174e-15
"Sh3gl3",4.20816400024465e-19,-4.13576052295365,0.002,0.019,1.05578626602138e-14
"1700066M21Rik",4.71723266211777e-19,1.18335346835598,0.024,0.01,1.18350650259873e-14
"Nfkbie",5.07547346510731e-19,-2.73293186571091,0.018,0.043,1.27338553766077e-14
"Tbx3os1",5.1306149740252e-19,-5.24304055814852,0.004,0.022,1.28721999083318e-14
"Prrg3",5.13810598787634e-19,-3.38496382409361,0.005,0.024,1.2890994112983e-14
"4933408J17Rik",5.15678405110807e-19,2.48614929219627,0.01,0.002,1.2937855505825e-14
"Ttc27",5.16636313067042e-19,1.17641845274204,0.028,0.012,1.2961888458539e-14
"Mir1892",5.3128577348929e-19,1.88996885862904,0.01,0.002,1.33294287710728e-14
"Pctp",5.50516880742199e-19,1.04691164960024,0.029,0.013,1.3811918020941e-14
"Airn",6.13654861148758e-19,-2.81597995076761,0.01,0.031,1.53959868113612e-14
"Smim30",6.64242499261384e-19,1.11627962875436,0.012,0.003,1.66651800639689e-14
"Srp54c",6.69870887211308e-19,2.05571485643706,0.012,0.003,1.68063906892445e-14
"Psme3ip1",6.85795361575678e-19,2.77719689226222,0.01,0.002,1.72059198265722e-14
"Dnhd1",7.19332349237354e-19,1.78668021614282,0.012,0.003,1.8047329310016e-14
"Niban1",7.20268166462864e-19,1.27166092628565,0.012,0.003,1.80708080283868e-14
"Rab5if",7.21204194085191e-19,1.04400622161009,0.012,0.003,1.80942920254033e-14
"Cd247",7.46917792547612e-19,-2.86670839446636,0.007,0.027,1.8739420497227e-14
"Gng2",7.72237740972848e-19,-2.17294735756754,0.015,0.039,1.93746726832678e-14
"Col23a1",7.78691660148626e-19,-3.70396477977759,0.007,0.027,1.95365950614689e-14
"Gm9780",7.98514676379808e-19,-8.45632162691718,0,0.015,2.0033934715693e-14
"Vps35l",8.16323978449307e-19,2.14552328397591,0.01,0.002,2.04807522953147e-14
"Papss2",8.67176153342298e-19,-1.9906876219073,0.02,0.046,2.17565825112049e-14
"Zcchc24",8.71768219026229e-19,-1.75204160431482,0.038,0.069,2.1871792847149e-14
"Plppr5",9.75655814055218e-19,-6.55766800174647,0,0.015,2.44782287188314e-14
"Cnnm4",1.03362786003865e-18,1.02406391224749,0.016,0.005,2.59326893805096e-14
"Plpbp",1.08162606257695e-18,1.15779369746571,0.011,0.003,2.71369162839931e-14
"Naxe",1.13651853757597e-18,1.7660256615266,0.012,0.003,2.85141135892436e-14
"Diaph2",1.18260928025072e-18,-1.22530726461311,0.032,0.062,2.96704842322102e-14
"H2aj",1.18697050345194e-18,1.80714009217529,0.011,0.003,2.97799029611057e-14
"5033430I15Rik",1.48528424957742e-18,1.21829382985233,0.02,0.007,3.72642965376478e-14
"Egln3",1.50762338048788e-18,-4.22554808562528,0.004,0.022,3.78247629930605e-14
"Smim27",1.5954542553788e-18,1.05321384844578,0.015,0.005,4.00283518131986e-14
"Irx5",1.78842412300085e-18,-9.16217580073513,0,0.014,4.48697728219684e-14
"Gm26853",1.78842412885469e-18,-8.20789891578346,0,0.014,4.48697729688353e-14
"H2az1",1.78895519162011e-18,1.38253219214308,0.015,0.005,4.4883096802557e-14
"Nsd3",1.87993532062779e-18,2.01616259982445,0.012,0.003,4.71656972592307e-14
"Ufd1",1.98965299177954e-18,1.27469583531263,0.012,0.003,4.99184039107568e-14
"Adamts2",2.07673229988288e-18,2.10638597739969,0.021,0.008,5.21031366717617e-14
"Ddx39a",2.08637109866949e-18,1.90537616949258,0.013,0.004,5.23449644945189e-14
"Gm11716",2.10134521539619e-18,-8.33825202821476,0,0.014,5.2720650109075e-14
"Bcr",2.12791892693912e-18,-2.01083074058639,0.07,0.104,5.33873579579757e-14
"Specc1",2.22679220261747e-18,-3.04345856437358,0.013,0.035,5.58679895714698e-14
"Gm26669",2.30107501546403e-18,2.38264131642876,0.01,0.003,5.7731671062977e-14
"Fam217b",2.60796846049541e-18,-3.12738622611131,0.009,0.029,6.54313207053694e-14
"Ush1g",2.62697461738311e-18,-4.88045868421076,0.001,0.016,6.59081661755247e-14
"2700081O15Rik",2.6549467417485e-18,-1.81125587124586,0.022,0.049,6.66099588037281e-14
"Tbc1d2b",2.89552168568182e-18,-1.73743700716532,0.028,0.056,7.26457435720713e-14
"Atp5md",2.93503982488272e-18,1.4602307910654,0.015,0.005,7.36372141664826e-14
"Mre11a",2.9754012790718e-18,1.00943250077361,0.031,0.015,7.46498426906325e-14
"Steap4",3.03517592812756e-18,1.42803161201274,0.017,0.006,7.61495288607923e-14
"Tasor",3.27810041424448e-18,1.76516735201714,0.011,0.003,8.22442612929797e-14
"Septin5",3.3310213775941e-18,1.38798931626182,0.01,0.002,8.35719953424584e-14
"Arhgap23",3.49287769447439e-18,-1.66831588118663,0.109,0.144,8.76328084766679e-14
"Shank3",3.89439423373175e-18,-1.76200347935004,0.111,0.071,9.77064569300959e-14
"Pitx1",3.99291886439704e-18,1.12387695623776,0.01,0.002,1.00178341388857e-13
"Pola2",4.25795028485376e-18,-1.64498851379146,0.054,0.087,1.06827714696696e-13
"Nkapd1",5.07610287026974e-18,2.0953076908069,0.01,0.003,1.27354344912198e-13
"AI413582",5.1917247230197e-18,-1.28080141131496,0.079,0.116,1.30255181575841e-13
"Zfp2",5.60474761334769e-18,1.57491646746745,0.015,0.005,1.4061751287128e-13
"Eya1",5.75180894242306e-18,-4.98274614359557,0.001,0.016,1.44307134556452e-13
"Tmem120b",6.40735808332526e-18,-2.82145944457554,0.007,0.027,1.60754206952548e-13
"Edil3",6.63808876827575e-18,-4.51637678966519,0.007,0.026,1.6654300910727e-13
"Zkscan6",6.9947921960002e-18,1.01396567454814,0.035,0.018,1.75492341405449e-13
"Susd6",7.10701411173278e-18,-1.11263796223109,0.055,0.089,1.78307877049264e-13
"Chrm2",7.27623696635789e-18,-8.25085845873432,0,0.014,1.82553509248953e-13
"Eri2",7.30153569514292e-18,1.44258087762255,0.013,0.004,1.83188229055441e-13
"H1f2",7.4420144658575e-18,1.45235794458108,0.012,0.004,1.86712700933899e-13
"Lrrc51",7.87494975776666e-18,1.19911621382404,0.014,0.004,1.97574614472608e-13
"Slc39a2",8.37745681440151e-18,2.58252839390846,0.011,0.003,2.1018201401652e-13
"Babam2",8.56107415084132e-18,1.81170920509349,0.011,0.003,2.14788789370458e-13
"Rnf157",8.96415623035737e-18,-5.22712775611639,0.002,0.018,2.24901715663436e-13
"Slc39a6",9.25148626150392e-18,-1.88757853254168,0.019,0.043,2.32110538814872e-13
"Tmem86a",1.06218877256662e-17,-1.19267807710619,0.049,0.081,2.66492541149239e-13
"Hist1h1e",1.13785247263088e-17,-2.07830565555047,0.03,0.014,2.85475806858361e-13
"Adgrb2",1.18019378808609e-17,-6.89734319761293,0.001,0.015,2.9609881949292e-13
"Gm15266",1.30326716270652e-17,2.02002566026532,0.012,0.003,3.26976698451439e-13
"C1qtnf1",1.35442810970202e-17,-1.59880809651608,0.017,0.041,3.39812468443141e-13
"Bex3",1.41573038540997e-17,1.82220307031375,0.011,0.003,3.55192596395508e-13
"Nr5a2",1.49026918878441e-17,-5.59727334597096,0.001,0.016,3.73893636774121e-13
"Etl4",1.5388740050148e-17,-1.33272442283734,0.11,0.147,3.86088099118164e-13
"Slc30a2",1.5831421788376e-17,-6.41258465162498,0.001,0.015,3.97194541248565e-13
"Rtn1",1.7535461830157e-17,-3.20241228269317,0.008,0.027,4.39947201856809e-13
"Pim1",1.97292089987632e-17,-1.06783186774926,0.093,0.132,4.94986124569971e-13
"Cdh4",2.04546990301703e-17,-3.69668902974975,0.008,0.028,5.13187943967942e-13
"Rab19",2.20530395422655e-17,1.59266487570864,0.012,0.003,5.53288709075899e-13
"Sgcb",2.22459253400926e-17,-1.41037553952433,0.027,0.054,5.58128020857583e-13
"Man2a1",2.29253443410645e-17,-1.37022617065772,0.093,0.129,5.75173964172966e-13
"Gm11747",2.29637579159024e-17,1.93592609466921,0.01,0.003,5.76137722352075e-13
"Zfp51",2.37014214830389e-17,1.05786378536066,0.035,0.018,5.94644963587962e-13
"Eloc",2.41040149622433e-17,2.07579775215602,0.011,0.003,6.04745631387723e-13
"Lpin3",2.66830714554266e-17,-3.74122477512765,0.006,0.025,6.69451579745198e-13
"Epb41",2.94903708260087e-17,-1.12042024565366,0.035,0.065,7.39883913653733e-13
"Macir",3.43429383594836e-17,1.41136832979678,0.01,0.002,8.61629980501085e-13
"Agt",3.85148667187596e-17,1.49874399840692,0.01,0.002,9.6629949110696e-13
"Gm11478",4.03150117057583e-17,1.77958084800779,0.01,0.003,1.01146332868577e-12
"Hjurp",4.11049288417703e-17,-1.55285406124997,0.081,0.116,1.03128155971118e-12
"Cdca7",4.67495145130958e-17,1.30775536906034,0.02,0.008,1.17289856961906e-12
"Bmp7",5.29517129300587e-17,2.10870856332721,0.013,0.004,1.32850552570224e-12
"Sfn",5.73383862652332e-17,-4.94018527645905,0.011,0.031,1.43856277300844e-12
"Dpep1",6.16536152927406e-17,2.69667877141858,0.02,0.008,1.54682755407957e-12
"6720427I07Rik",6.19876391939041e-17,-8.47590405116533,0,0.013,1.55520787973586e-12
"Tmem132e",7.24399406648566e-17,-5.05698399369606,0.001,0.015,1.81744567134059e-12
"Rtkn",7.25240843446407e-17,-2.1702595370899,0.012,0.032,1.81955675212269e-12
"Cenpa",7.55296948167635e-17,-1.47167006697872,0.035,0.063,1.89496451325778e-12
"Mmp2",7.70466772791804e-17,3.92694658445978,0.025,0.011,1.93302408625736e-12
"Mlxip",8.80870983006572e-17,-2.83296101824836,0.013,0.034,2.21001720926519e-12
"Tmem107",9.62242714289423e-17,-3.65018477505107,0.011,0.031,2.41417074588073e-12
"Rex1bd",1.08457326925956e-16,1.36534104372831,0.012,0.004,2.7210858752453e-12
"Glb1l3",1.10655191140401e-16,-4.7796090475238,0.002,0.017,2.77622809052153e-12
"Rpl36-ps12",1.15593225795586e-16,1.95020236618769,0.01,0.003,2.90011844198545e-12
"Prkce",1.17212736965971e-16,-1.6384320991837,0.054,0.085,2.94075035773924e-12
"Kcnk5",1.42557989916133e-16,-4.98514997570301,0.003,0.019,3.57663740900586e-12
"Spacdr",1.48994825868664e-16,1.33598897634902,0.011,0.003,3.73813118621891e-12
"Nipsnap2",1.81762541232553e-16,1.43710202817695,0.01,0.003,4.56024039698352e-12
"Ager",2.11735648439738e-16,-5.75033386413753,0.003,0.018,5.31223568370458e-12
"Klf15",2.359172601106e-16,2.64118397284178,0.011,0.003,5.91892813891484e-12
"Gm13075",2.64135648775092e-16,-8.53014727194006,0,0.012,6.62689929211827e-12
"Smcr8",2.66221747258944e-16,1.21397637970711,0.023,0.01,6.67923741697965e-12
"Angptl2",2.71585456622174e-16,1.38423682427723,0.023,0.01,6.81380752119372e-12
"Atp5mpl",3.14227652893671e-16,1.7186684264948,0.014,0.005,7.88365758344931e-12
"4732440D04Rik",3.36300354156756e-16,-8.29221520290867,0,0.012,8.43743958543885e-12
"Klhdc8a",3.42220845514585e-16,-5.47096356329278,0.001,0.014,8.58597879311544e-12
"Pabpc4l",3.42980674233323e-16,-3.91173743065655,0.004,0.021,8.60504213583983e-12
"Pxmp2",4.00602839854992e-16,-3.05478142667455,0.006,0.022,1.00507246491219e-11
"Gm26908",4.45052788280524e-16,1.88643115871369,0.01,0.003,1.11659294051701e-11
"Plaat3",4.58199122401185e-16,1.14412320888362,0.012,0.004,1.14957577819233e-11
"Rab27b",4.78565771365626e-16,-6.78330492783059,0.001,0.014,1.20067366377922e-11
"Fam111a",4.90458483770556e-16,-1.40126339182085,0.031,0.057,1.23051128993195e-11
"Nqo1",5.33402644340898e-16,-1.8772950789446,0.02,0.043,1.33825389438688e-11
"Ramp1",5.38924443578909e-16,1.27547730267406,0.015,0.005,1.35210753649513e-11
"Mnda",5.44769238052444e-16,-5.52862342964319,0.002,0.016,1.36677154134978e-11
"Id4",5.73232661784716e-16,-4.47636157853578,0.003,0.017,1.43818342515167e-11
"Zfp11",5.76389955989778e-16,1.3242005056292,0.013,0.004,1.44610476058275e-11
"Prkcz",5.85998396664093e-16,-3.94201698295367,0.007,0.024,1.47021137739054e-11
"Dhrs13",6.40071772003216e-16,-2.29509510483939,0.007,0.024,1.60587606877887e-11
"Ephb1",6.81558688613308e-16,-4.87266192987215,0.003,0.018,1.70996259386193e-11
"Mars2",6.84082422936169e-16,1.24096920923975,0.017,0.006,1.71629439090455e-11
"Cnr2",7.28575715314543e-16,-7.84450249350188,0.001,0.013,1.82792361215266e-11
"Flywch2",7.84770674978118e-16,-3.97215593750317,0.004,0.02,1.9689111464526e-11
"A330017A19Rik",8.96738087739424e-16,-1.26002588312538,0.025,0.05,2.24982618832944e-11
"Nfkbil1",9.71825803174121e-16,-1.24688006160405,0.063,0.095,2.43821375758355e-11
"Hoxd10",1.0540281561219e-15,-4.18673283587566,0.001,0.015,2.64445124089423e-11
"Kctd21",1.10771767645446e-15,1.83574359984761,0.012,0.004,2.77915287845659e-11
"Eva1c",1.2321990968958e-15,-1.60524378007615,0.02,0.043,3.09146431420187e-11
"Smim1",1.3740513600476e-15,-3.41667468774299,0.009,0.028,3.44735745722342e-11
"Gm11707",1.82342579159364e-15,-8.15885605054141,0,0.012,4.5747929685293e-11
"Mmp15",2.04388094236886e-15,-1.16530217601265,0.083,0.117,5.12789289630923e-11
"Il13ra2",2.30660279012664e-15,-7.01232352060916,0.001,0.014,5.78703574014873e-11
"Ccbe1",2.40569721011858e-15,-5.20554265083072,0.004,0.02,6.0356537304665e-11
"Atp8a2",2.56559602487411e-15,-6.78560082731684,0.004,0.019,6.43682386680667e-11
"Prdm11",2.57501608320671e-15,-4.42166402303251,0.004,0.019,6.4604578511573e-11
"Mfrp",2.66513992606341e-15,1.2263314521402,0.013,0.004,6.68656956050049e-11
"Trabd2b",2.7677019892003e-15,1.249341254565,0.011,0.003,6.94388752070463e-11
"Pcdhgc5",3.01984446050578e-15,1.1094440196379,0.022,0.009,7.57648776696295e-11
"Rnasel",3.32927428698297e-15,-5.08906769749674,0.004,0.02,8.35281625861158e-11
"Akr1c13",3.4113700407558e-15,-4.56761698058059,0.003,0.016,8.55878629525222e-11
"Mfap5",3.75101603701199e-15,1.3852128544423,0.021,0.009,9.41092413525939e-11
"P3h4",3.85917581105329e-15,-1.00050745554641,0.039,0.067,9.6822861923516e-11
"A830082K12Rik",3.9840159964512e-15,-5.91895140617562,0.004,0.018,9.99549773349642e-11
"Psen2",4.4394881402807e-15,-1.05805604815639,0.092,0.126,1.11382317951502e-10
"Gimap8",4.55837208235346e-15,-1.04885804348056,0.092,0.127,1.14364997174166e-10
"Denn2b",4.61786129744956e-15,1.58325275620386,0.011,0.003,1.15857522091712e-10
"Gm44386",5.19111330633929e-15,-7.74305552485799,0,0.011,1.30239841742746e-10
"Ccdc8",5.86000584190876e-15,-1.2907584825232,0.025,0.049,1.47021686567649e-10
"Pnmal2",5.93989527655718e-15,-4.73274890519349,0.001,0.013,1.49026032593543e-10
"Zfp772",6.01430929854237e-15,1.71021482063169,0.012,0.004,1.5089300599113e-10
"Zkscan4",6.12640184525179e-15,1.3748648578205,0.018,0.007,1.53705295895522e-10
"Abcb1b",6.72902781858096e-15,-3.94545745650998,0.018,0.039,1.68824578940378e-10
"Lao1",6.74600817480246e-15,-4.11483834846072,0.001,0.014,1.69250599097619e-10
"Gna14",7.31759290352221e-15,-3.90960492372194,0.004,0.019,1.83591088356469e-10
"RP23-6I17.1",7.76248559657105e-15,-8.40967623985906,0,0.011,1.94753001132371e-10
"Tnni3",9.1626302510066e-15,-5.1712606662283,0.002,0.015,2.29881230367505e-10
"C1qtnf5",9.27539793670815e-15,1.2303105824596,0.012,0.004,2.32710458834071e-10
"Rinl",1.05053538428552e-14,-1.16332512251873,0.029,0.054,2.63568822563395e-10
"Grtp1",1.06048709851465e-14,-4.26553415861628,0.009,0.026,2.66065608146339e-10
"Cish",1.1255923436691e-14,-1.12913930224214,0.056,0.086,2.82399863103139e-10
"Gm26632",1.20215792255874e-14,-1.23275835024459,0.017,0.039,3.01609401190761e-10
"Rad51ap1",1.20607273018266e-14,-3.39497678828157,0.002,0.015,3.02591587275527e-10
"Serpinf1",1.29982847249711e-14,2.72479378154134,0.025,0.012,3.261139654648e-10
"Kcnk6",1.38080686157864e-14,-3.17863646177017,0.012,0.03,3.46430633501465e-10
"Renbp",1.52323966627832e-14,-1.03669388213433,0.051,0.081,3.82165599872569e-10
"Halr1",1.64988100839352e-14,-5.83111232379548,0.001,0.012,4.1393864619585e-10
"Epb41l4aos",1.76633573061855e-14,-1.06632563906147,0.031,0.057,4.43155971454887e-10
"Sncaip",1.86960729975759e-14,-1.52877378450935,0.027,0.05,4.69065775436183e-10
"Gm13139",2.20946085680093e-14,-7.62662276935771,0,0.011,5.54331634362786e-10
"Gm15050",2.94726815004404e-14,-7.01571335022818,0.001,0.012,7.39440106164549e-10
"Tnnt1",2.96431911307438e-14,-5.21728109613158,0.004,0.017,7.43718022279232e-10
"Gm12184",3.00583228590459e-14,-7.71805770139571,0.001,0.013,7.54133262210603e-10
"Armcx4",3.02017013238645e-14,-2.06086681504099,0.009,0.026,7.57730484514437e-10
"H2-DMa",3.06939265672795e-14,-3.76900368607238,0.005,0.02,7.70079923646474e-10
"Neurl1b",3.2580058006523e-14,-3.17302296419936,0.01,0.028,8.17401075325655e-10
"Ceacam10",3.30368744566707e-14,-8.35196328995871,0,0.011,8.28862143243412e-10
"Gm17322",3.30368744701638e-14,-7.68760469529932,0,0.011,8.28862143581938e-10
"Zfp40",3.32896195884686e-14,1.16392428007454,0.016,0.006,8.35203265855089e-10
"Ccbl2",3.68992870032476e-14,-2.6645893236895,0.007,0.022,9.25766211624478e-10
"1810055G02Rik",3.77957262976432e-14,1.43331067175903,0.02,0.009,9.4825697708157e-10
"Khdrbs3",4.30147807879687e-14,-3.74451213782174,0.004,0.018,1.07919783518935e-09
"Nrgn",4.59594494754216e-14,-3.29714757899687,0.034,0.018,1.15307662788885e-09
"AI607873",4.77452316590165e-14,-6.82699925521425,0.001,0.012,1.19788011709307e-09
"Cysltr1",5.51352120324891e-14,-2.65905330336125,0.007,0.023,1.38328733468312e-09
"Gm20342",5.86368090095588e-14,-1.30666304257395,0.018,0.038,1.47113890124082e-09
"Ly6g6d",5.91098998566935e-14,-5.0907759801344,0.002,0.014,1.48300827750458e-09
"Fam212b",6.00407869576264e-14,-3.53607714164604,0.003,0.015,1.50636330397989e-09
"1700047M11Rik",7.86092330835387e-14,-7.61110399456326,0.001,0.012,1.9722270488329e-09
"Rsad2",8.6882179307653e-14,-1.31598713887957,0.184,0.213,2.17978699664971e-09
"Cenpw",9.20966361846284e-14,-4.77319361756426,0.003,0.016,2.31061250523614e-09
"Susd4",1.16388017729635e-13,-3.6387549776583,0.004,0.018,2.9200589768188e-09
"Tmeff2",1.19156863489745e-13,-2.06460250370055,0.008,0.024,2.98952654809421e-09
"Inpp5a",1.21570468345768e-13,-1.03768933607995,0.114,0.146,3.05008148032698e-09
"P3h2",1.23313797896349e-13,-3.36591708720337,0.007,0.023,3.09381987542151e-09
"Reps2",1.49311482378669e-13,-3.248575045991,0.005,0.019,3.74607578139844e-09
"Shroom3",1.53343598110603e-13,-4.77905967504069,0.006,0.02,3.84723753299692e-09
"Rarres1",1.6499517541274e-13,-3.4407810263905,0.007,0.022,4.13956395593024e-09
"Plpp2",1.67420310267568e-13,-2.68959522448419,0.004,0.017,4.20040816430302e-09
"Ltbp1",1.72526684075213e-13,-1.66615512172534,0.032,0.055,4.32852197676303e-09
"Fam195a",1.78578669304417e-13,-1.42324877700822,0.02,0.041,4.48036023417851e-09
"Gm4673",1.98574710084174e-13,1.67220653747435,0.011,0.004,4.98204090130185e-09
"Zfp324",2.15209281185452e-13,1.27556788165232,0.013,0.005,5.3993856556618e-09
"Hs3st3b1",2.18753786800937e-13,-3.24894438996607,0.006,0.02,5.48831375704872e-09
"Fhod3",2.33401766350778e-13,-4.29483811419459,0.007,0.022,5.85581691597467e-09
"Sbk2",2.95495262818571e-13,-6.60778610617147,0.001,0.011,7.41368064885513e-09
"Adck3",3.2149760831723e-13,-1.86677253146651,0.008,0.023,8.06605349507099e-09
"Klra9",3.28516165927508e-13,-7.59685216785463,0.001,0.011,8.24214208695524e-09
"Rtn2",3.74636247906629e-13,-2.88418396735271,0.01,0.026,9.39924882372941e-09
"Pgap1",3.82232065607444e-13,1.27231383899774,0.011,0.004,9.58982029402516e-09
"Fam57b",4.00361583029272e-13,-1.47506819196721,0.064,0.092,1.00446717566214e-08
"Lrrc25",4.2660469708212e-13,-4.4541103312575,0.001,0.011,1.07030852450933e-08
"Fam132a",4.48602045821675e-13,-1.83566038682532,0.011,0.028,1.125497672762e-08
"Slc34a2",4.57062603143044e-13,-2.93192320555298,0.021,0.01,1.14672436502558e-08
"Gm43949",5.0927831476784e-13,-7.6838502317905,0,0.01,1.27772836392103e-08
"Ifi27l2a",5.15778567779882e-13,-1.59833679030229,0.091,0.12,1.29403684870295e-08
"Cebpa",5.46152214742441e-13,-3.81049417569881,0.004,0.016,1.37024129156731e-08
"Kdelr3",5.62589976722171e-13,1.67662093057915,0.023,0.011,1.41148199259825e-08
"Pla2r1",5.92441216651252e-13,-3.08117079499901,0.012,0.029,1.48637576845633e-08
"D830044I16Rik",5.98183784517448e-13,-7.60649170557905,0,0.01,1.50078329697583e-08
"Itga8",6.11252157266218e-13,-5.37534576239885,0.004,0.017,1.53357053736521e-08
"Rasgef1b",6.2202923353049e-13,-4.88102911452004,0.002,0.013,1.56060914400465e-08
"Zkscan5",6.30028066240838e-13,1.39737037125948,0.016,0.006,1.58067741539164e-08
"Dchs1",6.45996114725406e-13,-1.35277643694877,0.06,0.087,1.62073965223457e-08
"Hoxa4",6.48297780613327e-13,-7.28250423926121,0,0.01,1.62651430178078e-08
"Gm42670",6.65056967501423e-13,1.35494259882412,0.016,0.007,1.66856142576432e-08
"Dapp1",6.87664947417825e-13,1.07776776868007,0.011,0.004,1.72528258657658e-08
"Msmp",6.87993845226374e-13,-5.22851045427918,0.003,0.015,1.72610775828845e-08
"Dnaic1",7.4685272261835e-13,-5.53898922981658,0.002,0.014,1.87377879577718e-08
"Ppm1n",8.06458532461132e-13,-5.9045707260097,0.001,0.011,2.02332381209173e-08
"Gm17259",8.25268091904799e-13,-7.71899096386475,0,0.01,2.07051511577995e-08
"Tnp1",8.61637896464798e-13,-7.5807806713271,0.001,0.011,2.16176331844053e-08
"Ttc21a",8.72152977916203e-13,-6.54806256510835,0.002,0.013,2.18814460629396e-08
"Ifi30",9.22512067304291e-13,1.34852378224447,0.023,0.011,2.31449052565973e-08
"Cxxc4",1.00420286655865e-12,-4.64125097978792,0.003,0.015,2.51944457190899e-08
"Dennd2a",1.15404488072659e-12,-2.79543782213271,0.017,0.035,2.89538320125495e-08
"Ccdc160",1.19211226098596e-12,-4.01740110110049,0.002,0.013,2.99089045158768e-08
"Cldn7",1.19628322447594e-12,-4.81355436702714,0.003,0.014,3.00135498188769e-08
"Samd4",1.28076039427271e-12,-3.83399594510622,0.008,0.023,3.21329975319081e-08
"Cfap97",1.41358155393218e-12,-1.27464646679465,0.029,0.051,3.54653476066045e-08
"Il7",1.49471995583944e-12,-4.34473543937669,0.003,0.015,3.75010289720557e-08
"Tmc8",1.61297201281209e-12,-4.7510946915516,0.003,0.015,4.04678548294426e-08
"Mtfp1",1.64320441177106e-12,-4.47258922469226,0.003,0.015,4.1226355486924e-08
"Nptx1",1.96301361745134e-12,-5.74309236544463,0.001,0.012,4.92500486482366e-08
"Clcf1",2.03297057139126e-12,-5.39496896446763,0.003,0.014,5.10051986656352e-08
"Plp1",2.14701035491194e-12,-3.0037992395665,0.018,0.008,5.38663427943857e-08
"Nbdy",2.16322488778471e-12,1.93137839831994,0.01,0.003,5.42731492096305e-08
"Frat2",2.25986157484325e-12,-5.41982502323366,0.002,0.012,5.66976670512423e-08
"Prg4",2.3369210466389e-12,-1.37016141767247,0.033,0.018,5.86310121391233e-08
"Fam189a2",2.54530422369146e-12,-1.80163267670986,0.03,0.051,6.38591376681951e-08
"Naip2",2.90934786072386e-12,-2.51917890927279,0.012,0.028,7.29926284777009e-08
"Nuak2",2.91335883963622e-12,-2.20398937177056,0.01,0.026,7.30932599276332e-08
"Tmod2",3.57778973755798e-12,-1.41807013768296,0.031,0.052,8.97631667255921e-08
"Slc9a9",3.64189471396959e-12,-4.16977222604251,0.006,0.019,9.13714964787829e-08
"Mir686",3.72757338707703e-12,1.01300754416612,0.01,0.003,9.35210887083757e-08
"Fxyd4",3.84177758331613e-12,-5.30392161873888,0.004,0.016,9.63863577878184e-08
"Brip1os",4.03348263556083e-12,-1.02670970804252,0.036,0.059,1.01196045843586e-07
"Prr7",4.52868210874233e-12,-1.1419189188858,0.022,0.042,1.13620105426236e-07
"Adamdec1",4.544260310456e-12,1.58708810967911,0.01,0.003,1.14010946929031e-07
"Pabpc1l",5.03225478931578e-12,-5.39465143636357,0.002,0.013,1.26254240409144e-07
"Cmklr1",5.70917177363518e-12,-5.29715449849296,0.004,0.016,1.43237410628733e-07
"Zc3h6",6.85452419352978e-12,-3.71730634659682,0.012,0.028,1.71973157491469e-07
"Ttc28",8.33093734799353e-12,-1.17294114356408,0.155,0.181,2.0901488712381e-07
"C3",9.65582858805018e-12,2.40422372319291,0.017,0.008,2.42255083445591e-07
"Fhdc1",1.69340261822839e-11,-3.58796003279277,0.002,0.012,4.24857782887321e-07
"D8Ertd82e",1.82265500059622e-11,-2.30902604663417,0.021,0.039,4.57285913099586e-07
"Apba2",1.90876678710069e-11,-7.23819578889959,0.002,0.013,4.78890499215693e-07
"Zfp217",2.05033362040313e-11,-2.52726691774564,0.017,0.033,5.14408202022941e-07
"Foxf1",2.15163899805578e-11,-2.03453853729603,0.168,0.185,5.39824708222214e-07
"Sned1",2.18738750099077e-11,-1.83440842242616,0.037,0.058,5.48793650123575e-07
"Zfp146",2.21350794088531e-11,1.52557334879016,0.01,0.004,5.55347007288716e-07
"Ric1",2.2729547276405e-11,-1.09653455531379,0.044,0.068,5.70261611617724e-07
"Zswim6",2.40447045046863e-11,-1.27955623877216,0.037,0.059,6.03257591318075e-07
"Anpep",2.42020027755295e-11,-3.16104474410098,0.014,0.03,6.07204047635259e-07
"Rgs7bp",2.5141727503226e-11,-3.66017426125795,0.007,0.02,6.30780801328437e-07
"2200002D01Rik",2.55979808487656e-11,-1.48673263862581,0.06,0.085,6.4222774151468e-07
"Sag",3.01835758583948e-11,-1.85819783020407,0.02,0.038,7.57275734711267e-07
"Dok3",3.60638297345339e-11,-2.96179948854849,0.006,0.018,9.04805424209721e-07
"Kremen2",4.08269507969174e-11,-4.94884374869666,0.001,0.011,1.02430736854386e-06
"Tff3",4.42089426584326e-11,-6.84439114454807,0.001,0.01,1.10915816235742e-06
"Igsf23",5.17162490335085e-11,-4.91366953216825,0.001,0.011,1.2975089720017e-06
"Nnmt",5.26211977711643e-11,-2.64264987533287,0.011,0.026,1.32021323088074e-06
"Fkbp11",5.34159059275804e-11,-2.98649904684873,0.008,0.021,1.34015166381706e-06
"Hoga1",5.35591288851357e-11,-4.19232563974899,0.003,0.013,1.34374498459917e-06
"Pcbp3",5.58377893260483e-11,-1.34379316204169,0.036,0.057,1.40091429640122e-06
"Kctd14",5.65927204594986e-11,-3.17281469663803,0.003,0.014,1.41985476360836e-06
"Myl2",6.02064481660625e-11,-7.33330084399672,0.001,0.01,1.51051957803834e-06
"Spon2",6.09958761705315e-11,1.88006810693321,0.015,0.006,1.53032553724246e-06
"Fam122b",6.51199558941994e-11,-1.710539834831,0.008,0.021,1.63379457342957e-06
"A130014A01Rik",8.11884459392374e-11,-1.35294235956124,0.016,0.032,2.03693692016953e-06
"Wipf1",8.1810369647532e-11,-1.18325880036984,0.065,0.089,2.05254036408693e-06
"Uty",8.85525066686233e-11,-1.38150848097815,0.023,0.041,2.22169383980909e-06
"Cklf",9.19565402632511e-11,-1.11637527437223,0.034,0.055,2.30709763866471e-06
"Cul7",9.29523206866596e-11,-2.16443263991012,0.02,0.037,2.3320807737076e-06
"2500002B13Rik",9.39189971147785e-11,1.2385462536966,0.013,0.005,2.35633371861268e-06
"Mb",1.02009406681971e-10,-7.35023462186524,0.002,0.011,2.55931400424397e-06
"Cfap43",1.14156560259214e-10,-1.48887026669032,0.027,0.046,2.86407394034342e-06
"Dcn",1.20412304783528e-10,3.22172480534474,0.028,0.016,3.02102431471394e-06
"B230217C12Rik",1.21843754978398e-10,-2.98110966371752,0.004,0.014,3.05693796865303e-06
"Ptcra",1.33931946062635e-10,-6.3218031087764,0.001,0.01,3.36021859476544e-06
"Cd5",1.44914915441236e-10,-5.47939073379695,0.001,0.01,3.63577031350516e-06
"Socs1",1.56641229982765e-10,-1.89503040603652,0.034,0.053,3.92997181903758e-06
"B3galt1",1.64716900235459e-10,-3.56251033280391,0.001,0.01,4.13258231000743e-06
"Phkg1",1.67359303113912e-10,-1.54933224836726,0.014,0.006,4.19887755582495e-06
"2310009B15Rik",1.68763306812564e-10,-1.40879727936219,0.052,0.075,4.23410260462043e-06
"Irx3",1.94226795436029e-10,-2.03139561689586,0.052,0.073,4.87295607069453e-06
"Ccnjl",2.03808334283763e-10,-1.33574999811443,0.013,0.027,5.11334729884534e-06
"Egr2",2.50711737428591e-10,1.50062057907684,0.012,0.005,6.29010678034593e-06
"Cntfr",2.57141500697483e-10,-5.29134206702598,0.003,0.013,6.45142311099915e-06
"Sez6l2",2.6843601231552e-10,-5.02475737524129,0.002,0.012,6.73479111298409e-06
"Armc3",2.71511462922229e-10,-5.82831913226318,0.001,0.01,6.8119510932558e-06
"Metrnl",2.79043932691653e-10,-1.45778589788355,0.024,0.042,7.00093322730087e-06
"Slc24a5",2.86725787861431e-10,-1.15242679770563,0.048,0.07,7.19366329165545e-06
"Ugcg",3.06634652377896e-10,-1.81917056231169,0.046,0.067,7.69315679350903e-06
"Dpp7",3.12882129881543e-10,-1.0582183568731,0.028,0.047,7.84989975659804e-06
"Sall2",3.31228646002072e-10,-3.56471542277425,0.004,0.015,8.31019549954599e-06
"Rgs9",4.01405318447774e-10,-3.86922468646057,0.004,0.014,1.00708580345362e-05
"Gm37494",4.04586258929334e-10,-1.07124165240586,0.022,0.039,1.01506646502781e-05
"Fam102b",4.86430874850828e-10,-1.73629432761596,0.024,0.041,1.22040642191324e-05
"Hcar1",4.86716576210693e-10,-2.05947321322701,0.008,0.02,1.22112321805501e-05
"Cd109",5.97922701028229e-10,-2.36345948492408,0.008,0.021,1.50012826460972e-05
"Rdh1",6.6973586508981e-10,-6.50592110108865,0.002,0.012,1.68030031192382e-05
"Unc13d",6.84608299199254e-10,-5.35459047409883,0.007,0.019,1.71761376186101e-05
"Vps50",6.98583212826067e-10,-1.03513466138791,0.035,0.055,1.75267542265932e-05
"Rai2",8.32344688309731e-10,-2.84310624472033,0.008,0.021,2.08826958850028e-05
"Tanc2",8.73155616306486e-10,-2.04502501738321,0.019,0.035,2.19066012575134e-05
"1600002K03Rik",9.08787384140585e-10,-1.20425505353116,0.026,0.044,2.28005666807031e-05
"Pcsk5",9.19901309293423e-10,-2.03820346491928,0.02,0.036,2.30794039488627e-05
"Nmral1",9.7073955373496e-10,-4.85347076839844,0.003,0.013,2.43548846636564e-05
"Wnt7a",1.02438395047272e-09,-3.44376908093258,0.002,0.011,2.57007689334101e-05
"Dhh",1.12392215590617e-09,-1.14094425642024,0.023,0.04,2.819808296953e-05
"Dkk2",1.19642938205829e-09,-2.7513421884496,0.018,0.033,3.00172167664604e-05
"Dock8",1.21316258956217e-09,-2.81213251495865,0.006,0.017,3.04370362095254e-05
"Fkbp1b",1.31869860632555e-09,-2.41601581903438,0.004,0.014,3.30848293341017e-05
"Mpp3",1.37632969941499e-09,-4.5907759487928,0.004,0.015,3.45307358286226e-05
"B130006D01Rik",1.71268820666416e-09,-2.85508674928538,0.004,0.014,4.29696344169971e-05
"Dbt",1.79428040732993e-09,-1.75690870331481,0.012,0.025,4.50167011395005e-05
"Rhbdl2",1.89299044861899e-09,-3.40293811669206,0.008,0.019,4.74932373654019e-05
"Cyp1b1",1.93209807530171e-09,-3.56372912777339,0.004,0.015,4.84744086112446e-05
"Ajuba",1.95850013245404e-09,-1.68600204789129,0.011,0.023,4.91368098231395e-05
"Hspa2",2.06984091073543e-09,-1.52213333559444,0.038,0.057,5.19302386094412e-05
"Cldn18",2.46240900796721e-09,-6.67813447205954,0.002,0.01,6.17793796008893e-05
"Ube2e2",2.77606140196056e-09,-1.13683493201607,0.063,0.085,6.96486045137884e-05
"Rasl11a",2.8493948458126e-09,-2.73661605321817,0.011,0.024,7.14884672865922e-05
"Kcnj8",3.04769757930296e-09,-1.31328250199574,0.018,0.033,7.64636845671319e-05
"Fdxr",3.29224280554493e-09,-1.47932363136751,0.025,0.041,8.25990797483167e-05
"Tmigd1",3.38030581529625e-09,-2.83655126683845,0.002,0.01,8.48084925999675e-05
"Ptx3",3.40251809098693e-09,-2.81232325476683,0.003,0.012,8.5365776384771e-05
"Taok3",3.66471825072302e-09,-1.27896981678966,0.041,0.061,9.19441161923897e-05
"Cks2",3.68231077963956e-09,-4.23390189437121,0.008,0.02,9.23854951503768e-05
"Eif3j2",3.71028204567948e-09,-1.07219496520876,0.022,0.039,9.30872662440524e-05
"Reep2",3.88468641544536e-09,-1.7040789602639,0.009,0.021,9.74628974771087e-05
"Fam110b",4.29046201825824e-09,-1.60522824922983,0.01,0.022,0.000107643401576081
"Disp2",5.16841639065936e-09,-3.5076023326405,0.002,0.01,0.000129670398825253
"Trim30d",5.30255136469687e-09,-1.87110913179151,0.027,0.043,0.00013303571118888
"Zfp521",5.37182298316963e-09,-1.10067659106113,0.046,0.066,0.000134773666824743
"Pcdhga8.1",5.64137532154988e-09,-1.31869237969501,0.012,0.025,0.000141536465442365
"Dpt",5.71689091707287e-09,1.75397473220783,0.018,0.009,0.000143431076218441
"Pdpn",5.96617795994687e-09,-1.39534866701658,0.022,0.037,0.000149685438837107
"Palld",6.15597373982888e-09,-1.94852731556323,0.018,0.033,0.000154447225158567
"Gm26890",6.16453586498476e-09,-1.14560932163031,0.013,0.026,0.000154662040316603
"Igf1",7.44702761440356e-09,-2.17085964291067,0.017,0.031,0.000186838475817771
"Gm17354",7.53511549977776e-09,-1.14417760019032,0.014,0.028,0.000189048512773924
"Hipk2",7.60950717288723e-09,-1.39396159772804,0.05,0.069,0.000190914925460568
"Igfbp6",7.81414982410063e-09,2.26982365952427,0.026,0.015,0.000196049204936861
"Smad6",8.03975875194885e-09,-1.05451164651249,0.17,0.189,0.000201709507327645
"Heph",9.1591787102102e-09,-1.51989036141826,0.007,0.018,0.000229794634660464
"Fignl2",9.79636701398891e-09,-4.52374651599102,0.004,0.013,0.000245781052013968
"Sh2b2",1.03739069434841e-08,-3.83771182773487,0.002,0.01,0.000260270951305073
"Antxr2",1.05693780927312e-08,-1.35902174097551,0.026,0.042,0.000265175126968534
"D430042O09Rik",1.11645822977107e-08,-1.02057083338363,0.034,0.052,0.000280108205267263
"Sema3b",1.13972821153156e-08,1.3833703643818,0.013,0.006,0.000285946410991153
"Ralgps2",1.14255939611154e-08,-1.93938990300016,0.019,0.033,0.000286656726890424
"Cygb",1.37728600373243e-08,1.41426004597882,0.024,0.014,0.000345547285476428
"Agpat5",1.44267403695484e-08,-1.01105083101634,0.082,0.104,0.000361952489131601
"Gm4070",1.50782706679261e-08,-1.21125319150251,0.015,0.029,0.000378298732787599
"Cblb",1.65622153497223e-08,-1.87233166152386,0.023,0.038,0.000415529420909184
"Mpp6",1.6986477121075e-08,-1.85453286950561,0.005,0.015,0.000426173724490651
"Rbfox3",1.70031157966795e-08,-3.76701662774141,0.003,0.011,0.000426591172222893
"Bcl2l2",2.14479470102355e-08,-1.10431925593892,0.03,0.047,0.0005381075425398
"Serping1",2.16119373987675e-08,1.07117767273542,0.028,0.045,0.000542221897397677
"Plcd1",2.30130712578656e-08,-1.37178710623895,0.021,0.036,0.00057737494478859
"Itgb4",3.51310835224575e-08,-1.5502307856194,0.023,0.037,0.000881403754494936
"Inmt",3.66888225187234e-08,-3.20453875983183,0.013,0.026,0.000920485868172252
"Gprc5a",3.69058980171253e-08,-1.29171605228199,0.015,0.027,0.000925932075351656
"Oaf",3.9596612399199e-08,1.46395420435075,0.025,0.015,0.000993439408483503
"Plek2",4.23872233260714e-08,-1.48340156149165,0.011,0.023,0.0010634530460278
"Slc6a2",4.46067367572636e-08,-3.32424312429083,0.005,0.014,0.00111913841850299
"Twist1",4.49946230488197e-08,-3.99103995643312,0.003,0.011,0.00112887009767184
"Nuak1",4.51611736279196e-08,-1.30067915130353,0.067,0.087,0.00113304868515088
"Wbscr27",5.35320656233105e-08,-1.77487088883311,0.005,0.015,0.00134306599442324
"Pcolce2",5.6430341420332e-08,-2.9277696837071,0.013,0.025,0.00141578083589471
"Kctd11",6.51355588570498e-08,-1.1676436207028,0.035,0.052,0.00163418603616452
"Hist2h3c1",6.66981548741861e-08,1.14017975708436,0.013,0.006,0.00167339000763845
"Gas7",7.45164630232853e-08,-1.67819563878809,0.028,0.044,0.00186954354079121
"Fam107b",8.4713767998113e-08,-1.52637252627821,0.015,0.027,0.00212538372530466
"Hoxa10",8.61467254733831e-08,-2.87888902485458,0.008,0.019,0.00216133519540171
"Man1a",9.04682059638115e-08,-1.12799074799071,0.09,0.111,0.00226975681942607
"Pex11g",9.41491028040915e-08,-2.48150683108051,0.006,0.015,0.00236210684025185
"Lrmp",9.66115996471298e-08,-3.37407402798616,0.002,0.01,0.00242388842354684
"Acss1",9.9791719393116e-08,-2.52741106596061,0.007,0.017,0.00250367444785389
"Capn1",1.00182904849329e-07,-1.08891102530231,0.05,0.069,0.00251348889976481
"Iqgap2",1.03052352788778e-07,-4.57677216130613,0.004,0.011,0.00258548047911765
"Cisd3",1.0841091113243e-07,-1.01176888207413,0.058,0.077,0.00271992134940155
"Cplx2",1.13869950999102e-07,-1.56908386417567,0.025,0.015,0.00285688320061647
"Abhd18",1.16948373752662e-07,-1.21847884400267,0.018,0.032,0.00293411774908053
"Gja5",1.21201662561198e-07,-1.9068457093037,0.018,0.031,0.0030408285119979
"Gramd1b",1.42186212682265e-07,-3.33398988318674,0.006,0.015,0.00356730988998535
"Rnd1",1.47512302257377e-07,-1.38290357936366,0.091,0.111,0.00370093615133533
"Zfp697",1.56699705348036e-07,-1.46435405529277,0.025,0.039,0.00393143890747688
"Smtnl2",1.66277708600701e-07,-3.15244088883645,0.006,0.015,0.00417174143108298
"Ksr1",1.8767446713189e-07,-2.66357248597326,0.017,0.029,0.00470856470587199
"Ier5l",1.93582551598538e-07,-1.37105474223025,0.034,0.049,0.00485679263705572
"Gata3",2.00428061194791e-07,-5.46822198761344,0.015,0.026,0.00502853962731611
"Tsacc",2.47464205092198e-07,-1.62927312898423,0.012,0.006,0.00620862944155814
"Pf4",2.49458745900425e-07,-4.35828214608065,0.004,0.011,0.00625867047589575
"Gna12",2.63793684251696e-07,-1.28612913070166,0.063,0.082,0.00661831974419079
"Inhbb",2.6468638911688e-07,-1.78454382515497,0.004,0.011,0.00664071681655341
"Cks1b",2.77167135489853e-07,-3.00736490651774,0.009,0.019,0.00695384626230492
"Rps6ka2",2.78115978807691e-07,-2.32216409227976,0.021,0.034,0.00697765179230616
"Spry4",3.01046811251918e-07,-1.01985027293422,0.04,0.056,0.00755296344749938
"Prps2",3.11439427331136e-07,-1.19063939240317,0.03,0.045,0.00781370379231088
"Odc1",3.27257892211939e-07,-1.11707376173847,0.089,0.109,0.00821057325770534
"Cdr2l",3.49934075467698e-07,-1.04902860376247,0.075,0.095,0.00877949601940907
"Ccdc67",3.79111520750173e-07,-2.11625505113995,0.005,0.013,0.00951152894410109
"Trp53rkb",3.82028112616973e-07,-1.0033675924691,0.019,0.031,0.00958470331744723
"Ablim2",3.8507046448243e-07,-4.11610322395508,0.003,0.01,0.00966103288339968
"Rab3b",4.13578356162574e-07,-2.55637952783804,0.006,0.015,0.0103762673777628
"Nrxn2",4.27821197494302e-07,-3.73982978527846,0.008,0.018,0.0107336060239345
"Ltbp3",4.32663799358019e-07,-1.92150959469289,0.022,0.035,0.0108551020620933
"Agfg2",4.35516961402258e-07,-1.12320085457356,0.044,0.06,0.0109266850446213
"Hist2h2aa1",4.52983385822618e-07,1.03963628710797,0.012,0.006,0.0113649001669037
"Sv2b",4.75466533647329e-07,-4.6630657201267,0.003,0.01,0.0119289798626778
"Zfp438",5.73535738018303e-07,1.18162393529558,0.012,0.006,0.0143894381311412
"Rps6kl1",6.26263284309851e-07,-3.22100017078755,0.013,0.023,0.0157123195400499
"Wisp1",6.43670194976848e-07,-4.06148578014458,0.003,0.01,0.0161490415217741
"Gnao1",6.79507739320031e-07,-2.35821069538265,0.011,0.021,0.0170481696718003
"Lnx1",7.41214604079193e-07,-3.66172523795055,0.022,0.034,0.0185963332017429
"Tslp",7.88039098202871e-07,-3.85329053427107,0.005,0.012,0.0197711129348118
"Gprc5b",9.12640310021168e-07,-1.12550396447325,0.042,0.057,0.0228972327381211
"B4galt6",9.30957307645829e-07,-2.75834037104655,0.005,0.013,0.0233567878915262
"Tubb3",1.01128966279372e-06,-3.11189463480904,0.005,0.012,0.0253722463498316
"Loxl2",1.19701121611443e-06,-2.64717131388379,0.021,0.033,0.0300318144010949
"Il27ra",1.28100915291743e-06,-1.8218939773679,0.007,0.016,0.0321392386375455
"Osbpl5",1.41056225061049e-06,-2.09189825649256,0.018,0.03,0.0353895963055666
"Rgs6",1.42423506133302e-06,-2.51180119620841,0.004,0.012,0.0357326334537842
"Ric3",1.55839533403603e-06,1.00611417214775,0.016,0.009,0.0390985805356301
"Ncf2",1.71637102335163e-06,-4.42368832209671,0.004,0.011,0.0430620326048689
"Nabp1",1.85034340328752e-06,-1.89576443574293,0.017,0.028,0.0464232656450806
"Tlr2",1.94567881016524e-06,-1.36517850266302,0.018,0.03,0.0488151356682358
"Mbd2",1.94860159016812e-06,-1.04395675066367,0.09,0.107,0.048888465295728
